Test Date,Borough,New Positives,Cumulative Number of Positives,Total Number of Tests Performed,Cumulative Number of Tests Performed,year,month
2020-03-01,Bronx,0,0,0,0,2020,3
2020-03-02,Bronx,0,0,0,0,2020,3
2020-03-03,Bronx,0,0,1,1,2020,3
2020-03-04,Bronx,0,0,0,1,2020,3
2020-03-05,Bronx,0,0,5,6,2020,3
2020-03-06,Bronx,0,0,6,12,2020,3
2020-03-07,Bronx,0,0,17,29,2020,3
2020-03-08,Bronx,1,1,16,45,2020,3
2020-03-09,Bronx,4,5,31,76,2020,3
2020-03-10,Bronx,0,5,47,123,2020,3
2020-03-11,Bronx,2,7,31,154,2020,3
2020-03-12,Bronx,3,10,36,190,2020,3
2020-03-13,Bronx,10,20,99,289,2020,3
2020-03-14,Bronx,8,28,80,369,2020,3
2020-03-15,Bronx,29,57,116,485,2020,3
2020-03-16,Bronx,29,86,151,636,2020,3
2020-03-17,Bronx,123,209,433,1069,2020,3
2020-03-18,Bronx,154,363,597,1666,2020,3
2020-03-19,Bronx,191,554,605,2271,2020,3
2020-03-20,Bronx,297,851,884,3155,2020,3
2020-03-21,Bronx,367,1218,1044,4199,2020,3
2020-03-22,Bronx,606,1824,1276,5475,2020,3
2020-03-23,Bronx,455,2279,970,6445,2020,3
2020-03-24,Bronx,611,2890,1188,7633,2020,3
2020-03-25,Bronx,838,3728,1770,9403,2020,3
2020-03-26,Bronx,829,4557,1428,10831,2020,3
2020-03-27,Bronx,846,5403,1478,12309,2020,3
2020-03-28,Bronx,901,6304,1529,13838,2020,3
2020-03-29,Bronx,658,6962,1160,14998,2020,3
2020-03-30,Bronx,804,7766,1341,16339,2020,3
2020-03-31,Bronx,1095,8861,1818,18157,2020,3
2020-04-01,Bronx,1066,9927,1754,19911,2020,4
2020-04-02,Bronx,1159,11086,1946,21857,2020,4
2020-04-03,Bronx,1229,12315,2108,23965,2020,4
2020-04-04,Bronx,1053,13368,1778,25743,2020,4
2020-04-05,Bronx,959,14327,1628,27371,2020,4
2020-04-06,Bronx,1021,15348,1996,29367,2020,4
2020-04-07,Bronx,1278,16626,2562,31929,2020,4
2020-04-08,Bronx,1166,17792,2348,34277,2020,4
2020-04-09,Bronx,1368,19160,2637,36914,2020,4
2020-04-10,Bronx,1317,20477,2580,39494,2020,4
2020-04-11,Bronx,964,21441,2081,41575,2020,4
2020-04-12,Bronx,764,22205,1623,43198,2020,4
2020-04-13,Bronx,1061,23266,2294,45492,2020,4
2020-04-14,Bronx,1387,24653,2622,48114,2020,4
2020-04-15,Bronx,1279,25932,2939,51053,2020,4
2020-04-16,Bronx,1103,27035,2793,53846,2020,4
2020-04-17,Bronx,984,28019,2597,56443,2020,4
2020-04-18,Bronx,804,28823,2162,58605,2020,4
2020-04-19,Bronx,549,29372,1707,60312,2020,4
2020-04-20,Bronx,617,29989,2050,62362,2020,4
2020-04-21,Bronx,879,30868,2942,65304,2020,4
2020-04-22,Bronx,791,31659,3084,68388,2020,4
2020-04-23,Bronx,1042,32701,3691,72079,2020,4
2020-04-24,Bronx,1482,34183,4800,76879,2020,4
2020-04-25,Bronx,787,34970,2967,79846,2020,4
2020-04-26,Bronx,586,35556,2363,82209,2020,4
2020-04-27,Bronx,438,35994,2107,84316,2020,4
2020-04-28,Bronx,606,36600,2938,87254,2020,4
2020-04-29,Bronx,644,37244,2977,90231,2020,4
2020-04-30,Bronx,541,37785,2824,93055,2020,4
2020-05-01,Bronx,665,38450,3694,96749,2020,5
2020-05-02,Bronx,466,38916,2857,99606,2020,5
2020-05-03,Bronx,307,39223,1869,101475,2020,5
2020-05-04,Bronx,253,39476,2001,103476,2020,5
2020-05-05,Bronx,363,39839,2657,106133,2020,5
2020-05-06,Bronx,342,40181,2786,108919,2020,5
2020-05-07,Bronx,352,40533,3078,111997,2020,5
2020-05-08,Bronx,271,40804,2873,114870,2020,5
2020-05-09,Bronx,255,41059,2935,117805,2020,5
2020-05-10,Bronx,237,41296,2140,119945,2020,5
2020-05-11,Bronx,145,41441,1510,121455,2020,5
2020-05-12,Bronx,236,41677,2678,124133,2020,5
2020-05-13,Bronx,303,41980,3338,127471,2020,5
2020-05-14,Bronx,539,42519,4408,131879,2020,5
2020-05-15,Bronx,293,42812,3632,135511,2020,5
2020-05-16,Bronx,210,43022,2861,138372,2020,5
2020-05-17,Bronx,136,43158,2126,140498,2020,5
2020-05-18,Bronx,112,43270,2102,142600,2020,5
2020-05-19,Bronx,148,43418,2682,145282,2020,5
2020-05-20,Bronx,185,43603,3618,148900,2020,5
2020-05-21,Bronx,163,43766,3421,152321,2020,5
2020-05-22,Bronx,155,43921,3518,155839,2020,5
2020-05-23,Bronx,216,44137,4575,160414,2020,5
2020-05-24,Bronx,110,44247,2445,162859,2020,5
2020-05-25,Bronx,117,44364,2233,165092,2020,5
2020-05-26,Bronx,139,44503,3064,168156,2020,5
2020-05-27,Bronx,250,44753,5657,173813,2020,5
2020-05-28,Bronx,221,44974,5781,179594,2020,5
2020-05-29,Bronx,142,45116,4817,184411,2020,5
2020-05-30,Bronx,137,45253,4338,188749,2020,5
2020-05-31,Bronx,106,45359,3997,192746,2020,5
2020-06-01,Bronx,107,45466,4069,196815,2020,6
2020-06-02,Bronx,105,45571,3579,200394,2020,6
2020-06-03,Bronx,117,45688,4303,204697,2020,6
2020-06-04,Bronx,90,45778,4606,209303,2020,6
2020-06-05,Bronx,104,45882,5144,214447,2020,6
2020-06-06,Bronx,98,45980,4164,218611,2020,6
2020-06-07,Bronx,72,46052,3718,222329,2020,6
2020-06-08,Bronx,75,46127,3214,225543,2020,6
2020-06-09,Bronx,96,46223,4468,230011,2020,6
2020-06-10,Bronx,93,46316,3929,233940,2020,6
2020-06-11,Bronx,80,46396,4894,238834,2020,6
2020-06-12,Bronx,105,46501,5869,244703,2020,6
2020-06-13,Bronx,66,46567,4578,249281,2020,6
2020-06-14,Bronx,78,46645,4689,253970,2020,6
2020-06-15,Bronx,65,46710,4542,258512,2020,6
2020-06-16,Bronx,68,46778,5106,263618,2020,6
2020-06-17,Bronx,52,46830,5556,269174,2020,6
2020-06-18,Bronx,85,46915,6272,275446,2020,6
2020-06-19,Bronx,64,46979,5007,280453,2020,6
2020-06-20,Bronx,48,47027,4694,285147,2020,6
2020-06-21,Bronx,65,47092,4917,290064,2020,6
2020-06-22,Bronx,62,47154,3723,293787,2020,6
2020-06-23,Bronx,76,47230,3549,297336,2020,6
2020-06-24,Bronx,64,47294,4930,302266,2020,6
2020-06-25,Bronx,89,47383,4377,306643,2020,6
2020-06-26,Bronx,73,47456,5794,312437,2020,6
2020-06-27,Bronx,58,47514,5208,317645,2020,6
2020-06-28,Bronx,41,47555,3588,321233,2020,6
2020-06-29,Bronx,43,47598,4056,325289,2020,6
2020-06-30,Bronx,53,47651,4725,330014,2020,6
2020-07-01,Bronx,107,47758,5267,335281,2020,7
2020-07-02,Bronx,80,47838,5521,340802,2020,7
2020-07-03,Bronx,64,47902,4449,345251,2020,7
2020-07-04,Bronx,36,47938,4275,349526,2020,7
2020-07-05,Bronx,56,47994,4111,353637,2020,7
2020-07-06,Bronx,44,48038,3695,357332,2020,7
2020-07-07,Bronx,38,48076,3456,360788,2020,7
2020-07-08,Bronx,50,48126,3993,364781,2020,7
2020-07-09,Bronx,82,48208,5706,370487,2020,7
2020-07-10,Bronx,59,48267,4932,375419,2020,7
2020-07-11,Bronx,60,48327,4401,379820,2020,7
2020-07-12,Bronx,50,48377,3980,383800,2020,7
2020-07-13,Bronx,56,48433,4169,387969,2020,7
2020-07-14,Bronx,63,48496,4435,392404,2020,7
2020-07-15,Bronx,79,48575,5635,398039,2020,7
2020-07-16,Bronx,68,48643,5250,403289,2020,7
2020-07-17,Bronx,72,48715,5748,409037,2020,7
2020-07-18,Bronx,54,48769,4297,413334,2020,7
2020-07-19,Bronx,68,48837,3543,416877,2020,7
2020-07-20,Bronx,89,48926,4443,421320,2020,7
2020-07-21,Bronx,91,49017,5492,426812,2020,7
2020-07-22,Bronx,69,49086,4802,431614,2020,7
2020-07-23,Bronx,114,49200,5276,436890,2020,7
2020-07-24,Bronx,80,49280,4754,441644,2020,7
2020-07-25,Bronx,56,49336,3711,445355,2020,7
2020-07-26,Bronx,52,49388,3459,448814,2020,7
2020-07-27,Bronx,34,49422,3654,452468,2020,7
2020-07-28,Bronx,59,49481,3397,455865,2020,7
2020-07-29,Bronx,46,49527,4741,460606,2020,7
2020-07-30,Bronx,46,49573,3994,464600,2020,7
2020-07-31,Bronx,53,49626,5253,469853,2020,7
2020-08-01,Bronx,50,49676,3384,473237,2020,8
2020-08-02,Bronx,38,49714,3630,476867,2020,8
2020-08-03,Bronx,109,49823,7059,483926,2020,8
2020-08-04,Bronx,83,49906,5301,489227,2020,8
2020-08-05,Bronx,74,49980,5205,494432,2020,8
2020-08-06,Bronx,77,50057,5151,499583,2020,8
2020-08-07,Bronx,63,50120,4634,504217,2020,8
2020-08-08,Bronx,68,50188,5261,509478,2020,8
2020-08-09,Bronx,38,50226,4747,514225,2020,8
2020-08-10,Bronx,52,50278,5083,519308,2020,8
2020-08-11,Bronx,91,50369,7934,527242,2020,8
2020-08-12,Bronx,116,50485,7110,534352,2020,8
2020-08-13,Bronx,94,50579,6420,540772,2020,8
2020-08-14,Bronx,72,50651,6849,547621,2020,8
2020-08-15,Bronx,73,50724,6399,554020,2020,8
2020-08-16,Bronx,62,50786,4742,558762,2020,8
2020-08-17,Bronx,54,50840,4675,563437,2020,8
2020-08-18,Bronx,67,50907,5591,569028,2020,8
2020-08-19,Bronx,47,50954,5402,574430,2020,8
2020-08-20,Bronx,56,51010,6412,580842,2020,8
2020-08-21,Bronx,57,51067,6574,587416,2020,8
2020-08-22,Bronx,70,51137,4937,592353,2020,8
2020-08-23,Bronx,57,51194,5141,597494,2020,8
2020-08-24,Bronx,45,51239,4296,601790,2020,8
2020-08-25,Bronx,53,51292,5358,607148,2020,8
2020-08-26,Bronx,65,51357,5535,612683,2020,8
2020-08-27,Bronx,49,51406,6190,618873,2020,8
2020-08-28,Bronx,62,51468,6305,625178,2020,8
2020-08-29,Bronx,65,51533,6778,631956,2020,8
2020-08-30,Bronx,77,51610,4854,636810,2020,8
2020-08-31,Bronx,53,51663,4880,641690,2020,8
2020-09-01,Bronx,48,51711,7314,649004,2020,9
2020-09-02,Bronx,57,51768,5696,654700,2020,9
2020-09-03,Bronx,52,51820,6594,661294,2020,9
2020-09-04,Bronx,40,51860,6365,667659,2020,9
2020-09-05,Bronx,52,51912,5858,673517,2020,9
2020-09-06,Bronx,32,51944,4414,677931,2020,9
2020-09-07,Bronx,40,51984,5366,683297,2020,9
2020-09-08,Bronx,34,52018,5571,688868,2020,9
2020-09-09,Bronx,58,52076,5655,694523,2020,9
2020-09-10,Bronx,49,52125,5615,700138,2020,9
2020-09-11,Bronx,61,52186,7455,707593,2020,9
2020-09-12,Bronx,49,52235,4625,712218,2020,9
2020-09-13,Bronx,46,52281,4288,716506,2020,9
2020-09-14,Bronx,54,52335,4856,721362,2020,9
2020-09-15,Bronx,36,52371,4810,726172,2020,9
2020-09-16,Bronx,51,52422,5950,732122,2020,9
2020-09-17,Bronx,46,52468,5601,737723,2020,9
2020-09-18,Bronx,58,52526,6097,743820,2020,9
2020-09-19,Bronx,52,52578,7106,750926,2020,9
2020-09-20,Bronx,41,52619,3854,754780,2020,9
2020-09-21,Bronx,47,52666,5869,760649,2020,9
2020-09-22,Bronx,44,52710,5074,765723,2020,9
2020-09-23,Bronx,46,52756,5812,771535,2020,9
2020-09-24,Bronx,59,52815,7131,778666,2020,9
2020-09-25,Bronx,57,52872,6388,785054,2020,9
2020-09-26,Bronx,48,52920,4941,789995,2020,9
2020-09-27,Bronx,36,52956,3456,793451,2020,9
2020-09-28,Bronx,69,53025,6624,800075,2020,9
2020-09-29,Bronx,66,53091,6152,806227,2020,9
2020-09-30,Bronx,78,53169,6093,812320,2020,9
2020-10-01,Bronx,63,53232,6554,818874,2020,10
2020-10-02,Bronx,66,53298,6513,825387,2020,10
2020-10-03,Bronx,55,53353,5282,830669,2020,10
2020-10-04,Bronx,64,53417,4521,835190,2020,10
2020-10-05,Bronx,84,53501,6190,841380,2020,10
2020-10-06,Bronx,55,53556,5842,847222,2020,10
2020-10-07,Bronx,61,53617,6595,853817,2020,10
2020-10-08,Bronx,74,53691,7217,861034,2020,10
2020-10-09,Bronx,71,53762,6783,867817,2020,10
2020-10-10,Bronx,74,53836,6143,873960,2020,10
2020-10-11,Bronx,58,53894,3930,877890,2020,10
2020-10-12,Bronx,66,53960,6546,884436,2020,10
2020-10-13,Bronx,46,54006,6116,890552,2020,10
2020-10-14,Bronx,71,54077,6174,896726,2020,10
2020-10-15,Bronx,121,54198,7400,904126,2020,10
2020-10-16,Bronx,109,54307,9054,913180,2020,10
2020-10-17,Bronx,102,54409,6911,920091,2020,10
2020-10-18,Bronx,63,54472,5081,925172,2020,10
2020-10-19,Bronx,51,54523,5727,930899,2020,10
2020-10-20,Bronx,105,54628,7912,938811,2020,10
2020-10-21,Bronx,78,54706,6996,945807,2020,10
2020-10-22,Bronx,86,54792,7642,953449,2020,10
2020-10-23,Bronx,100,54892,9802,963251,2020,10
2020-10-24,Bronx,119,55011,6745,969996,2020,10
2020-10-25,Bronx,75,55086,4808,974804,2020,10
2020-10-26,Bronx,127,55213,7625,982429,2020,10
2020-10-27,Bronx,141,55354,7498,989927,2020,10
2020-10-28,Bronx,173,55527,8348,998275,2020,10
2020-10-29,Bronx,134,55661,8374,1006649,2020,10
2020-10-30,Bronx,106,55767,6473,1013122,2020,10
2020-10-31,Bronx,145,55912,7975,1021097,2020,10
2020-11-01,Bronx,87,55999,5713,1026810,2020,11
2020-11-02,Bronx,166,56165,7615,1034425,2020,11
2020-11-03,Bronx,127,56292,9344,1043769,2020,11
2020-11-04,Bronx,168,56460,8765,1052534,2020,11
2020-11-05,Bronx,195,56655,8772,1061306,2020,11
2020-11-06,Bronx,162,56817,8258,1069564,2020,11
2020-11-07,Bronx,247,57064,7618,1077182,2020,11
2020-11-08,Bronx,170,57234,6413,1083595,2020,11
2020-11-09,Bronx,191,57425,7110,1090705,2020,11
2020-11-10,Bronx,232,57657,8467,1099172,2020,11
2020-11-11,Bronx,260,57917,10011,1109183,2020,11
2020-11-12,Bronx,288,58205,9635,1118818,2020,11
2020-11-13,Bronx,286,58491,10066,1128884,2020,11
2020-11-14,Bronx,221,58712,8575,1137459,2020,11
2020-11-15,Bronx,193,58905,7790,1145249,2020,11
2020-11-16,Bronx,360,59265,9704,1154953,2020,11
2020-11-17,Bronx,283,59548,7300,1162253,2020,11
2020-11-18,Bronx,308,59856,11469,1173722,2020,11
2020-11-19,Bronx,377,60233,11946,1185668,2020,11
2020-11-20,Bronx,402,60635,10570,1196238,2020,11
2020-11-21,Bronx,344,60979,10351,1206589,2020,11
2020-11-22,Bronx,337,61316,9809,1216398,2020,11
2020-11-23,Bronx,301,61617,8453,1224851,2020,11
2020-11-24,Bronx,347,61964,8787,1233638,2020,11
2020-11-25,Bronx,414,62378,11708,1245346,2020,11
2020-11-26,Bronx,392,62770,10035,1255381,2020,11
2020-11-27,Bronx,379,63149,9203,1264584,2020,11
2020-11-28,Bronx,399,63548,9829,1274413,2020,11
2020-11-29,Bronx,449,63997,9560,1283973,2020,11
2020-11-30,Bronx,497,64494,10467,1294440,2020,11
2020-12-01,Bronx,511,65005,10712,1305152,2020,12
2020-12-02,Bronx,525,65530,10720,1315872,2020,12
2020-12-03,Bronx,598,66128,12932,1328804,2020,12
2020-12-04,Bronx,554,66682,12632,1341436,2020,12
2020-12-05,Bronx,575,67257,12827,1354263,2020,12
2020-12-06,Bronx,497,67754,9573,1363836,2020,12
2020-12-07,Bronx,691,68445,11975,1375811,2020,12
2020-12-08,Bronx,559,69004,11463,1387274,2020,12
2020-12-09,Bronx,536,69540,13004,1400278,2020,12
2020-12-10,Bronx,545,70085,13299,1413577,2020,12
2020-12-11,Bronx,582,70667,14137,1427714,2020,12
2020-12-12,Bronx,596,71263,14842,1442556,2020,12
2020-12-13,Bronx,475,71738,10333,1452889,2020,12
2020-12-14,Bronx,671,72409,12776,1465665,2020,12
2020-12-15,Bronx,601,73010,11360,1477025,2020,12
2020-12-16,Bronx,675,73685,14431,1491456,2020,12
2020-12-17,Bronx,720,74405,15274,1506730,2020,12
2020-12-18,Bronx,511,74916,9822,1516552,2020,12
2020-12-19,Bronx,580,75496,12049,1528601,2020,12
2020-12-20,Bronx,473,75969,8681,1537282,2020,12
2020-12-21,Bronx,542,76511,9974,1547256,2020,12
2020-12-22,Bronx,637,77148,11328,1558584,2020,12
2020-12-23,Bronx,739,77887,14098,1572682,2020,12
2020-12-24,Bronx,776,78663,13179,1585861,2020,12
2020-12-25,Bronx,645,79308,12212,1598073,2020,12
2020-12-26,Bronx,451,79759,8838,1606911,2020,12
2020-12-27,Bronx,591,80350,7063,1613974,2020,12
2020-12-28,Bronx,754,81104,11558,1625532,2020,12
2020-12-29,Bronx,778,81882,8649,1634181,2020,12
2020-12-30,Bronx,1110,82992,15473,1649654,2020,12
2020-12-31,Bronx,983,83975,12937,1662591,2020,12
2021-01-01,Bronx,1094,85069,13672,1676263,2021,1
2021-01-02,Bronx,577,85646,7217,1683480,2021,1
2021-01-03,Bronx,631,86277,7455,1690935,2021,1
2021-01-04,Bronx,796,87073,12710,1703645,2021,1
2021-01-05,Bronx,871,87944,10740,1714385,2021,1
2021-01-06,Bronx,1224,89168,14834,1729219,2021,1
2021-01-07,Bronx,1185,90353,15694,1744913,2021,1
2021-01-08,Bronx,1051,91404,15365,1760278,2021,1
2021-01-09,Bronx,906,92310,15255,1775533,2021,1
2021-01-10,Bronx,997,93307,12524,1788057,2021,1
2021-01-11,Bronx,1094,94401,14373,1802430,2021,1
2021-01-12,Bronx,944,95345,11933,1814363,2021,1
2021-01-13,Bronx,1024,96369,13746,1828109,2021,1
2021-01-14,Bronx,1434,97803,21084,1849193,2021,1
2021-01-15,Bronx,1227,99030,18569,1867762,2021,1
2021-01-16,Bronx,1085,100115,15650,1883412,2021,1
2021-01-17,Bronx,1055,101170,12518,1895930,2021,1
2021-01-18,Bronx,1057,102227,13779,1909709,2021,1
2021-01-19,Bronx,789,103016,11814,1921523,2021,1
2021-01-20,Bronx,1087,104103,14683,1936206,2021,1
2021-01-21,Bronx,1256,105359,18045,1954251,2021,1
2021-01-22,Bronx,1227,106586,17143,1971394,2021,1
2021-01-23,Bronx,1229,107815,16911,1988305,2021,1
2021-01-24,Bronx,1180,108995,17973,2006278,2021,1
2021-01-25,Bronx,966,109961,11351,2017629,2021,1
2021-01-26,Bronx,885,110846,14393,2032022,2021,1
2021-01-27,Bronx,1231,112077,17826,2049848,2021,1
2021-01-28,Bronx,1156,113233,17959,2067807,2021,1
2021-01-29,Bronx,1143,114376,16492,2084299,2021,1
2021-01-30,Bronx,1051,115427,15693,2099992,2021,1
2021-01-31,Bronx,878,116305,12274,2112266,2021,1
2021-02-01,Bronx,799,117104,11193,2123459,2021,2
2021-02-02,Bronx,473,117577,7688,2131147,2021,2
2021-02-03,Bronx,503,118080,8461,2139608,2021,2
2021-02-04,Bronx,743,118823,11023,2150631,2021,2
2021-02-05,Bronx,1024,119847,16021,2166652,2021,2
2021-02-06,Bronx,1223,121070,16118,2182770,2021,2
2021-02-07,Bronx,1014,122084,15290,2198060,2021,2
2021-02-08,Bronx,939,123023,11654,2209714,2021,2
2021-02-09,Bronx,728,123751,12874,2222588,2021,2
2021-02-10,Bronx,1232,124983,18786,2241374,2021,2
2021-02-11,Bronx,918,125901,15735,2257109,2021,2
2021-02-12,Bronx,1002,126903,17006,2274115,2021,2
2021-02-13,Bronx,798,127701,12878,2286993,2021,2
2021-02-14,Bronx,723,128424,13448,2300441,2021,2
2021-02-15,Bronx,694,129118,10119,2310560,2021,2
2021-02-16,Bronx,573,129691,9582,2320142,2021,2
2021-02-17,Bronx,668,130359,13431,2333573,2021,2
2021-02-18,Bronx,1074,131433,16704,2350277,2021,2
2021-02-19,Bronx,798,132231,15013,2365290,2021,2
2021-02-20,Bronx,650,132881,10965,2376255,2021,2
2021-02-21,Bronx,648,133529,9944,2386199,2021,2
2021-02-22,Bronx,692,134221,10131,2396330,2021,2
2021-02-23,Bronx,469,134690,13036,2409366,2021,2
2021-02-24,Bronx,935,135625,16980,2426346,2021,2
2021-02-25,Bronx,935,136560,18621,2444967,2021,2
2021-02-26,Bronx,842,137402,17950,2462917,2021,2
2021-02-27,Bronx,824,138226,16074,2478991,2021,2
2021-02-28,Bronx,670,138896,14206,2493197,2021,2
2021-03-01,Bronx,600,139496,8959,2502156,2021,3
2021-03-02,Bronx,754,140250,13455,2515611,2021,3
2021-03-03,Bronx,731,140981,16338,2531949,2021,3
2021-03-04,Bronx,930,141911,19644,2551593,2021,3
2021-03-05,Bronx,778,142689,16995,2568588,2021,3
2021-03-06,Bronx,618,143307,13100,2581688,2021,3
2021-03-07,Bronx,456,143763,9051,2590739,2021,3
2021-03-08,Bronx,728,144491,14967,2605706,2021,3
2021-03-09,Bronx,561,145052,13161,2618867,2021,3
2021-03-10,Bronx,611,145663,14088,2632955,2021,3
2021-03-11,Bronx,910,146573,18594,2651549,2021,3
2021-03-12,Bronx,582,147155,13639,2665188,2021,3
2021-03-13,Bronx,437,147592,9652,2674840,2021,3
2021-03-14,Bronx,451,148043,8181,2683021,2021,3
2021-03-15,Bronx,556,148599,11041,2694062,2021,3
2021-03-16,Bronx,975,149574,19610,2713672,2021,3
2021-03-17,Bronx,701,150275,16432,2730104,2021,3
2021-03-18,Bronx,745,151020,18188,2748292,2021,3
2021-03-19,Bronx,643,151663,16421,2764713,2021,3
2021-03-20,Bronx,713,152376,15129,2779842,2021,3
2021-03-21,Bronx,631,153007,9751,2789593,2021,3
2021-03-22,Bronx,529,153536,9804,2799397,2021,3
2021-03-23,Bronx,552,154088,12353,2811750,2021,3
2021-03-24,Bronx,655,154743,16477,2828227,2021,3
2021-03-25,Bronx,708,155451,17435,2845662,2021,3
2021-03-26,Bronx,722,156173,15689,2861351,2021,3
2021-03-27,Bronx,883,157056,18132,2879483,2021,3
2021-03-28,Bronx,837,157893,15486,2894969,2021,3
2021-03-29,Bronx,565,158458,10882,2905851,2021,3
2021-03-30,Bronx,730,159188,14993,2920844,2021,3
2021-03-31,Bronx,815,160003,16706,2937550,2021,3
2021-04-01,Bronx,652,160655,16484,2954034,2021,4
2021-04-02,Bronx,620,161275,13774,2967808,2021,4
2021-04-03,Bronx,650,161925,14242,2982050,2021,4
2021-04-04,Bronx,488,162413,11179,2993229,2021,4
2021-04-05,Bronx,439,162852,8224,3001453,2021,4
2021-04-06,Bronx,551,163403,13769,3015222,2021,4
2021-04-07,Bronx,580,163983,17790,3033012,2021,4
2021-04-08,Bronx,712,164695,20196,3053208,2021,4
2021-04-09,Bronx,579,165274,19027,3072235,2021,4
2021-04-10,Bronx,501,165775,15043,3087278,2021,4
2021-04-11,Bronx,345,166120,9422,3096700,2021,4
2021-04-12,Bronx,342,166462,7628,3104328,2021,4
2021-04-13,Bronx,377,166839,11450,3115778,2021,4
2021-04-14,Bronx,420,167259,14876,3130654,2021,4
2021-04-15,Bronx,549,167808,16628,3147282,2021,4
2021-04-16,Bronx,666,168474,25470,3172752,2021,4
2021-04-17,Bronx,452,168926,16771,3189523,2021,4
2021-04-18,Bronx,320,169246,10795,3200318,2021,4
2021-04-19,Bronx,290,169536,7894,3208212,2021,4
2021-04-20,Bronx,272,169808,13153,3221365,2021,4
2021-04-21,Bronx,434,170242,17758,3239123,2021,4
2021-04-22,Bronx,336,170578,16505,3255628,2021,4
2021-04-23,Bronx,319,170897,15795,3271423,2021,4
2021-04-24,Bronx,302,171199,16311,3287734,2021,4
2021-04-25,Bronx,194,171393,8924,3296658,2021,4
2021-04-26,Bronx,188,171581,7505,3304163,2021,4
2021-04-27,Bronx,184,171765,11390,3315553,2021,4
2021-04-28,Bronx,304,172069,17840,3333393,2021,4
2021-04-29,Bronx,280,172349,16553,3349946,2021,4
2021-04-30,Bronx,247,172596,16915,3366861,2021,4
2021-05-01,Bronx,212,172808,13348,3380209,2021,5
2021-05-02,Bronx,140,172948,7913,3388122,2021,5
2021-05-03,Bronx,139,173087,6870,3394992,2021,5
2021-05-04,Bronx,262,173349,15276,3410268,2021,5
2021-05-05,Bronx,153,173502,14422,3424690,2021,5
2021-05-06,Bronx,152,173654,15202,3439892,2021,5
2021-05-07,Bronx,234,173888,17620,3457512,2021,5
2021-05-08,Bronx,145,174033,11453,3468965,2021,5
2021-05-09,Bronx,118,174151,7987,3476952,2021,5
2021-05-10,Bronx,73,174224,7033,3483985,2021,5
2021-05-11,Bronx,132,174356,12406,3496391,2021,5
2021-05-12,Bronx,151,174507,16929,3513320,2021,5
2021-05-13,Bronx,139,174646,15729,3529049,2021,5
2021-05-14,Bronx,108,174754,13210,3542259,2021,5
2021-05-15,Bronx,111,174865,11969,3554228,2021,5
2021-05-16,Bronx,72,174937,7874,3562102,2021,5
2021-05-17,Bronx,72,175009,7019,3569121,2021,5
2021-05-18,Bronx,69,175078,11544,3580665,2021,5
2021-05-19,Bronx,130,175208,15718,3596383,2021,5
2021-05-20,Bronx,82,175290,13948,3610331,2021,5
2021-05-21,Bronx,95,175385,13618,3623949,2021,5
2021-05-22,Bronx,69,175454,10477,3634426,2021,5
2021-05-23,Bronx,65,175519,6302,3640728,2021,5
2021-05-24,Bronx,39,175558,6565,3647293,2021,5
2021-05-25,Bronx,54,175612,11244,3658537,2021,5
2021-05-26,Bronx,67,175679,12472,3671009,2021,5
2021-05-27,Bronx,89,175768,14830,3685839,2021,5
2021-05-28,Bronx,54,175822,12062,3697901,2021,5
2021-05-29,Bronx,58,175880,10435,3708336,2021,5
2021-05-30,Bronx,36,175916,5829,3714165,2021,5
2021-05-31,Bronx,44,175960,4509,3718674,2021,5
2021-06-01,Bronx,26,175986,5164,3723838,2021,6
2021-06-02,Bronx,55,176041,11334,3735172,2021,6
2021-06-03,Bronx,65,176106,17314,3752486,2021,6
2021-06-04,Bronx,68,176174,10401,3762887,2021,6
2021-06-05,Bronx,56,176230,10098,3772985,2021,6
2021-06-06,Bronx,52,176282,5727,3778712,2021,6
2021-06-07,Bronx,55,176337,6139,3784851,2021,6
2021-06-08,Bronx,44,176381,10318,3795169,2021,6
2021-06-09,Bronx,96,176477,13174,3808343,2021,6
2021-06-10,Bronx,49,176526,10357,3818700,2021,6
2021-06-11,Bronx,56,176582,12718,3831418,2021,6
2021-06-12,Bronx,35,176617,10669,3842087,2021,6
2021-06-13,Bronx,38,176655,5571,3847658,2021,6
2021-06-14,Bronx,35,176690,4916,3852574,2021,6
2021-06-15,Bronx,32,176722,9154,3861728,2021,6
2021-06-16,Bronx,44,176766,10665,3872393,2021,6
2021-06-17,Bronx,41,176807,9482,3881875,2021,6
2021-06-18,Bronx,40,176847,10905,3892780,2021,6
2021-06-19,Bronx,26,176873,8020,3900800,2021,6
2021-06-20,Bronx,17,176890,5367,3906167,2021,6
2021-06-21,Bronx,24,176914,5136,3911303,2021,6
2021-06-22,Bronx,30,176944,8367,3919670,2021,6
2021-06-23,Bronx,22,176966,9426,3929096,2021,6
2021-06-24,Bronx,23,176989,8622,3937718,2021,6
2021-06-25,Bronx,36,177025,9595,3947313,2021,6
2021-06-26,Bronx,21,177046,6334,3953647,2021,6
2021-06-27,Bronx,19,177065,4769,3958416,2021,6
2021-06-28,Bronx,23,177088,5338,3963754,2021,6
2021-06-29,Bronx,36,177124,7203,3970957,2021,6
2021-06-30,Bronx,28,177152,5815,3976772,2021,6
2021-07-01,Bronx,42,177194,5659,3982431,2021,7
2021-07-02,Bronx,28,177222,6629,3989060,2021,7
2021-07-03,Bronx,29,177251,4808,3993868,2021,7
2021-07-04,Bronx,28,177279,4046,3997914,2021,7
2021-07-05,Bronx,14,177293,2527,4000441,2021,7
2021-07-06,Bronx,70,177363,6425,4006866,2021,7
2021-07-07,Bronx,62,177425,9796,4016662,2021,7
2021-07-08,Bronx,84,177509,8697,4025359,2021,7
2021-07-09,Bronx,50,177559,7279,4032638,2021,7
2021-07-10,Bronx,52,177611,4679,4037317,2021,7
2021-07-11,Bronx,49,177660,4088,4041405,2021,7
2021-07-12,Bronx,49,177709,4549,4045954,2021,7
2021-07-13,Bronx,65,177774,5502,4051456,2021,7
2021-07-14,Bronx,75,177849,7515,4058971,2021,7
2021-07-15,Bronx,73,177922,7548,4066519,2021,7
2021-07-16,Bronx,93,178015,7162,4073681,2021,7
2021-07-17,Bronx,92,178107,6220,4079901,2021,7
2021-07-18,Bronx,83,178190,4235,4084136,2021,7
2021-07-19,Bronx,85,178275,5532,4089668,2021,7
2021-07-20,Bronx,98,178373,6769,4096437,2021,7
2021-07-21,Bronx,132,178505,7788,4104225,2021,7
2021-07-22,Bronx,169,178674,10533,4114758,2021,7
2021-07-23,Bronx,148,178822,8025,4122783,2021,7
2021-07-24,Bronx,152,178974,7248,4130031,2021,7
2021-07-25,Bronx,74,179048,4424,4134455,2021,7
2021-07-26,Bronx,124,179172,5202,4139657,2021,7
2021-07-27,Bronx,155,179327,7475,4147132,2021,7
2021-07-28,Bronx,192,179519,7956,4155088,2021,7
2021-07-29,Bronx,203,179722,8983,4164071,2021,7
2021-07-30,Bronx,294,180016,11522,4175593,2021,7
2021-07-31,Bronx,174,180190,7105,4182698,2021,7
2021-08-01,Bronx,155,180345,5512,4188210,2021,8
2021-08-02,Bronx,272,180617,7142,4195352,2021,8
2021-08-03,Bronx,176,180793,9923,4205275,2021,8
2021-08-04,Bronx,291,181084,9971,4215246,2021,8
2021-08-05,Bronx,277,181361,9997,4225243,2021,8
2021-08-06,Bronx,282,181643,11682,4236925,2021,8
2021-08-07,Bronx,231,181874,9831,4246756,2021,8
2021-08-08,Bronx,279,182153,8510,4255266,2021,8
2021-08-09,Bronx,225,182378,6752,4262018,2021,8
2021-08-10,Bronx,258,182636,9738,4271756,2021,8
2021-08-11,Bronx,391,183027,10541,4282297,2021,8
2021-08-12,Bronx,327,183354,10007,4292304,2021,8
2021-08-13,Bronx,318,183672,11378,4303682,2021,8
2021-08-14,Bronx,320,183992,10968,4314650,2021,8
2021-08-15,Bronx,204,184196,6885,4321535,2021,8
2021-08-16,Bronx,225,184421,7080,4328615,2021,8
2021-08-17,Bronx,263,184684,11871,4340486,2021,8
2021-08-18,Bronx,417,185101,13003,4353489,2021,8
2021-08-19,Bronx,298,185399,10282,4363771,2021,8
2021-08-20,Bronx,353,185752,12532,4376303,2021,8
2021-08-21,Bronx,306,186058,11024,4387327,2021,8
2021-08-22,Bronx,265,186323,7211,4394538,2021,8
2021-08-23,Bronx,280,186603,6836,4401374,2021,8
2021-08-24,Bronx,293,186896,11290,4412664,2021,8
2021-08-25,Bronx,339,187235,11618,4424282,2021,8
2021-08-26,Bronx,317,187552,12724,4437006,2021,8
2021-08-27,Bronx,527,188079,17485,4454491,2021,8
2021-08-28,Bronx,300,188379,11017,4465508,2021,8
2021-08-29,Bronx,238,188617,7716,4473224,2021,8
2021-08-30,Bronx,236,188853,6540,4479764,2021,8
2021-08-31,Bronx,264,189117,9455,4489219,2021,8
2021-09-01,Bronx,265,189382,10223,4499442,2021,9
2021-09-02,Bronx,418,189800,15714,4515156,2021,9
2021-09-03,Bronx,301,190101,10740,4525896,2021,9
2021-09-04,Bronx,279,190380,10033,4535929,2021,9
2021-09-05,Bronx,167,190547,6452,4542381,2021,9
2021-09-06,Bronx,165,190712,5264,4547645,2021,9
2021-09-07,Bronx,202,190914,6016,4553661,2021,9
2021-09-08,Bronx,363,191277,15424,4569085,2021,9
2021-09-09,Bronx,353,191630,15008,4584093,2021,9
2021-09-10,Bronx,362,191992,14940,4599033,2021,9
2021-09-11,Bronx,239,192231,11271,4610304,2021,9
2021-09-12,Bronx,211,192442,7810,4618114,2021,9
2021-09-13,Bronx,228,192670,8735,4626849,2021,9
2021-09-14,Bronx,198,192868,10878,4637727,2021,9
2021-09-15,Bronx,241,193109,13453,4651180,2021,9
2021-09-16,Bronx,294,193403,15163,4666343,2021,9
2021-09-17,Bronx,259,193662,14992,4681335,2021,9
2021-09-18,Bronx,196,193858,12726,4694061,2021,9
2021-09-19,Bronx,167,194025,8215,4702276,2021,9
2021-09-20,Bronx,241,194266,9360,4711636,2021,9
2021-09-21,Bronx,290,194556,14550,4726186,2021,9
2021-09-22,Bronx,245,194801,14378,4740564,2021,9
2021-09-23,Bronx,221,195022,14808,4755372,2021,9
2021-09-24,Bronx,211,195233,14957,4770329,2021,9
2021-09-25,Bronx,171,195404,13247,4783576,2021,9
2021-09-26,Bronx,120,195524,8009,4791585,2021,9
2021-09-27,Bronx,219,195743,11730,4803315,2021,9
2021-09-28,Bronx,152,195895,11570,4814885,2021,9
2021-09-29,Bronx,198,196093,16871,4831756,2021,9
2021-09-30,Bronx,189,196282,14567,4846323,2021,9
2021-10-01,Bronx,167,196449,15850,4862173,2021,10
2021-10-02,Bronx,151,196600,12419,4874592,2021,10
2021-10-03,Bronx,94,196694,10104,4884696,2021,10
2021-10-04,Bronx,104,196798,9307,4894003,2021,10
2021-10-05,Bronx,185,196983,12355,4906358,2021,10
2021-10-06,Bronx,187,197170,18146,4924504,2021,10
2021-10-07,Bronx,184,197354,13288,4937792,2021,10
2021-10-08,Bronx,136,197490,14207,4951999,2021,10
2021-10-09,Bronx,117,197607,9273,4961272,2021,10
2021-10-10,Bronx,168,197775,16755,4978027,2021,10
2021-10-11,Bronx,141,197916,9337,4987364,2021,10
2021-10-12,Bronx,107,198023,8975,4996339,2021,10
2021-10-13,Bronx,122,198145,10965,5007304,2021,10
2021-10-14,Bronx,154,198299,14589,5021893,2021,10
2021-10-15,Bronx,136,198435,13851,5035744,2021,10
2021-10-16,Bronx,117,198552,14412,5050156,2021,10
2021-10-17,Bronx,87,198639,9440,5059596,2021,10
2021-10-18,Bronx,74,198713,7704,5067300,2021,10
2021-10-19,Bronx,181,198894,15124,5082424,2021,10
2021-10-20,Bronx,111,199005,13157,5095581,2021,10
2021-10-21,Bronx,125,199130,12819,5108400,2021,10
2021-10-22,Bronx,106,199236,14133,5122533,2021,10
2021-10-23,Bronx,91,199327,11276,5133809,2021,10
2021-10-24,Bronx,64,199391,9515,5143324,2021,10
2021-10-25,Bronx,61,199452,6564,5149888,2021,10
2021-10-26,Bronx,111,199563,9925,5159813,2021,10
2021-10-27,Bronx,105,199668,14062,5173875,2021,10
2021-10-28,Bronx,106,199774,12747,5186622,2021,10
2021-10-29,Bronx,118,199892,14155,5200777,2021,10
2021-10-30,Bronx,85,199977,10604,5211381,2021,10
2021-10-31,Bronx,79,200056,6493,5217874,2021,10
2021-11-01,Bronx,65,200121,6829,5224703,2021,11
2021-11-02,Bronx,86,200207,11591,5236294,2021,11
2021-11-03,Bronx,110,200317,11093,5247387,2021,11
2021-11-04,Bronx,80,200397,10985,5258372,2021,11
2021-11-05,Bronx,98,200495,12468,5270840,2021,11
2021-11-06,Bronx,122,200617,12018,5282858,2021,11
2021-11-07,Bronx,79,200696,7367,5290225,2021,11
2021-11-08,Bronx,92,200788,6824,5297049,2021,11
2021-11-09,Bronx,107,200895,10093,5307142,2021,11
2021-11-10,Bronx,158,201053,13657,5320799,2021,11
2021-11-11,Bronx,134,201187,12240,5333039,2021,11
2021-11-12,Bronx,163,201350,11103,5344142,2021,11
2021-11-13,Bronx,84,201434,8436,5352578,2021,11
2021-11-14,Bronx,105,201539,6373,5358951,2021,11
2021-11-15,Bronx,87,201626,5831,5364782,2021,11
2021-11-16,Bronx,149,201775,11907,5376689,2021,11
2021-11-17,Bronx,179,201954,11480,5388169,2021,11
2021-11-18,Bronx,199,202153,13771,5401940,2021,11
2021-11-19,Bronx,233,202386,12182,5414122,2021,11
2021-11-20,Bronx,152,202538,10608,5424730,2021,11
2021-11-21,Bronx,118,202656,6672,5431402,2021,11
2021-11-22,Bronx,145,202801,6801,5438203,2021,11
2021-11-23,Bronx,159,202960,9468,5447671,2021,11
2021-11-24,Bronx,159,203119,11709,5459380,2021,11
2021-11-25,Bronx,142,203261,9869,5469249,2021,11
2021-11-26,Bronx,97,203358,5704,5474953,2021,11
2021-11-27,Bronx,194,203552,8431,5483384,2021,11
2021-11-28,Bronx,132,203684,4670,5488054,2021,11
2021-11-29,Bronx,140,203824,6379,5494433,2021,11
2021-11-30,Bronx,267,204091,13085,5507518,2021,11
2021-12-01,Bronx,295,204386,14439,5521957,2021,12
2021-12-02,Bronx,318,204704,14449,5536406,2021,12
2020-03-01,Brooklyn,0,0,0,0,2020,3
2020-03-02,Brooklyn,0,0,0,0,2020,3
2020-03-03,Brooklyn,0,0,2,2,2020,3
2020-03-04,Brooklyn,1,1,4,6,2020,3
2020-03-05,Brooklyn,0,1,7,13,2020,3
2020-03-06,Brooklyn,3,4,12,25,2020,3
2020-03-07,Brooklyn,0,4,9,34,2020,3
2020-03-08,Brooklyn,2,6,10,44,2020,3
2020-03-09,Brooklyn,1,7,31,75,2020,3
2020-03-10,Brooklyn,7,14,29,104,2020,3
2020-03-11,Brooklyn,2,16,24,128,2020,3
2020-03-12,Brooklyn,8,24,59,187,2020,3
2020-03-13,Brooklyn,17,41,136,323,2020,3
2020-03-14,Brooklyn,17,58,99,422,2020,3
2020-03-15,Brooklyn,26,84,166,588,2020,3
2020-03-16,Brooklyn,39,123,171,759,2020,3
2020-03-17,Brooklyn,264,387,741,1500,2020,3
2020-03-18,Brooklyn,273,660,795,2295,2020,3
2020-03-19,Brooklyn,674,1334,1553,3848,2020,3
2020-03-20,Brooklyn,538,1872,1378,5226,2020,3
2020-03-21,Brooklyn,893,2765,1941,7167,2020,3
2020-03-22,Brooklyn,702,3467,1506,8673,2020,3
2020-03-23,Brooklyn,700,4167,1422,10095,2020,3
2020-03-24,Brooklyn,779,4946,1474,11569,2020,3
2020-03-25,Brooklyn,755,5701,1550,13119,2020,3
2020-03-26,Brooklyn,1106,6807,1905,15024,2020,3
2020-03-27,Brooklyn,1238,8045,2254,17278,2020,3
2020-03-28,Brooklyn,973,9018,1790,19068,2020,3
2020-03-29,Brooklyn,1011,10029,1627,20695,2020,3
2020-03-30,Brooklyn,1888,11917,3113,23808,2020,3
2020-03-31,Brooklyn,1198,13115,2011,25819,2020,3
2020-04-01,Brooklyn,1189,14304,2041,27860,2020,4
2020-04-02,Brooklyn,1396,15700,2512,30372,2020,4
2020-04-03,Brooklyn,1804,17504,3234,33606,2020,4
2020-04-04,Brooklyn,1054,18558,1990,35596,2020,4
2020-04-05,Brooklyn,1144,19702,2013,37609,2020,4
2020-04-06,Brooklyn,1177,20879,2245,39854,2020,4
2020-04-07,Brooklyn,1203,22082,2607,42461,2020,4
2020-04-08,Brooklyn,1312,23394,2565,45026,2020,4
2020-04-09,Brooklyn,1321,24715,2578,47604,2020,4
2020-04-10,Brooklyn,1528,26243,2887,50491,2020,4
2020-04-11,Brooklyn,1228,27471,2670,53161,2020,4
2020-04-12,Brooklyn,933,28404,2029,55190,2020,4
2020-04-13,Brooklyn,902,29306,2055,57245,2020,4
2020-04-14,Brooklyn,2663,31969,5103,62348,2020,4
2020-04-15,Brooklyn,1552,33521,3724,66072,2020,4
2020-04-16,Brooklyn,1184,34705,3347,69419,2020,4
2020-04-17,Brooklyn,1058,35763,3016,72435,2020,4
2020-04-18,Brooklyn,719,36482,2390,74825,2020,4
2020-04-19,Brooklyn,548,37030,1835,76660,2020,4
2020-04-20,Brooklyn,664,37694,2300,78960,2020,4
2020-04-21,Brooklyn,787,38481,2827,81787,2020,4
2020-04-22,Brooklyn,873,39354,3526,85313,2020,4
2020-04-23,Brooklyn,1294,40648,5030,90343,2020,4
2020-04-24,Brooklyn,1012,41660,4021,94364,2020,4
2020-04-25,Brooklyn,827,42487,3685,98049,2020,4
2020-04-26,Brooklyn,527,43014,2684,100733,2020,4
2020-04-27,Brooklyn,573,43587,2940,103673,2020,4
2020-04-28,Brooklyn,649,44236,3873,107546,2020,4
2020-04-29,Brooklyn,636,44872,3944,111490,2020,4
2020-04-30,Brooklyn,647,45519,3927,115417,2020,4
2020-05-01,Brooklyn,756,46275,4717,120134,2020,5
2020-05-02,Brooklyn,564,46839,3804,123938,2020,5
2020-05-03,Brooklyn,344,47183,2545,126483,2020,5
2020-05-04,Brooklyn,396,47579,3364,129847,2020,5
2020-05-05,Brooklyn,395,47974,3597,133444,2020,5
2020-05-06,Brooklyn,576,48550,5284,138728,2020,5
2020-05-07,Brooklyn,448,48998,4582,143310,2020,5
2020-05-08,Brooklyn,463,49461,4747,148057,2020,5
2020-05-09,Brooklyn,356,49817,3682,151739,2020,5
2020-05-10,Brooklyn,255,50072,2825,154564,2020,5
2020-05-11,Brooklyn,259,50331,2984,157548,2020,5
2020-05-12,Brooklyn,336,50667,4615,162163,2020,5
2020-05-13,Brooklyn,428,51095,6107,168270,2020,5
2020-05-14,Brooklyn,486,51581,5741,174011,2020,5
2020-05-15,Brooklyn,410,51991,5793,179804,2020,5
2020-05-16,Brooklyn,307,52298,4377,184181,2020,5
2020-05-17,Brooklyn,187,52485,3052,187233,2020,5
2020-05-18,Brooklyn,196,52681,4133,191366,2020,5
2020-05-19,Brooklyn,208,52889,3890,195256,2020,5
2020-05-20,Brooklyn,496,53385,7252,202508,2020,5
2020-05-21,Brooklyn,254,53639,5372,207880,2020,5
2020-05-22,Brooklyn,263,53902,6189,214069,2020,5
2020-05-23,Brooklyn,273,54175,6813,220882,2020,5
2020-05-24,Brooklyn,185,54360,4990,225872,2020,5
2020-05-25,Brooklyn,200,54560,5214,231086,2020,5
2020-05-26,Brooklyn,219,54779,5940,237026,2020,5
2020-05-27,Brooklyn,368,55147,10938,247964,2020,5
2020-05-28,Brooklyn,299,55446,10686,258650,2020,5
2020-05-29,Brooklyn,281,55727,9619,268269,2020,5
2020-05-30,Brooklyn,173,55900,7167,275436,2020,5
2020-05-31,Brooklyn,153,56053,5765,281201,2020,5
2020-06-01,Brooklyn,189,56242,7500,288701,2020,6
2020-06-02,Brooklyn,163,56405,7485,296186,2020,6
2020-06-03,Brooklyn,182,56587,7880,304066,2020,6
2020-06-04,Brooklyn,183,56770,7659,311725,2020,6
2020-06-05,Brooklyn,196,56966,9370,321095,2020,6
2020-06-06,Brooklyn,165,57131,8378,329473,2020,6
2020-06-07,Brooklyn,129,57260,7254,336727,2020,6
2020-06-08,Brooklyn,107,57367,5499,342226,2020,6
2020-06-09,Brooklyn,117,57484,8815,351041,2020,6
2020-06-10,Brooklyn,121,57605,6515,357556,2020,6
2020-06-11,Brooklyn,128,57733,8670,366226,2020,6
2020-06-12,Brooklyn,186,57919,10217,376443,2020,6
2020-06-13,Brooklyn,140,58059,9012,385455,2020,6
2020-06-14,Brooklyn,118,58177,8880,394335,2020,6
2020-06-15,Brooklyn,97,58274,8034,402369,2020,6
2020-06-16,Brooklyn,112,58386,8472,410841,2020,6
2020-06-17,Brooklyn,116,58502,10052,420893,2020,6
2020-06-18,Brooklyn,132,58634,10964,431857,2020,6
2020-06-19,Brooklyn,127,58761,10520,442377,2020,6
2020-06-20,Brooklyn,113,58874,9864,452241,2020,6
2020-06-21,Brooklyn,75,58949,7192,459433,2020,6
2020-06-22,Brooklyn,98,59047,5819,465252,2020,6
2020-06-23,Brooklyn,64,59111,6732,471984,2020,6
2020-06-24,Brooklyn,95,59206,7602,479586,2020,6
2020-06-25,Brooklyn,105,59311,7450,487036,2020,6
2020-06-26,Brooklyn,109,59420,10239,497275,2020,6
2020-06-27,Brooklyn,87,59507,8508,505783,2020,6
2020-06-28,Brooklyn,69,59576,5378,511161,2020,6
2020-06-29,Brooklyn,74,59650,6646,517807,2020,6
2020-06-30,Brooklyn,92,59742,7756,525563,2020,6
2020-07-01,Brooklyn,113,59855,9252,534815,2020,7
2020-07-02,Brooklyn,102,59957,8649,543464,2020,7
2020-07-03,Brooklyn,121,60078,7506,550970,2020,7
2020-07-04,Brooklyn,71,60149,7534,558504,2020,7
2020-07-05,Brooklyn,62,60211,7273,565777,2020,7
2020-07-06,Brooklyn,70,60281,7673,573450,2020,7
2020-07-07,Brooklyn,105,60386,6914,580364,2020,7
2020-07-08,Brooklyn,75,60461,7228,587592,2020,7
2020-07-09,Brooklyn,99,60560,8795,596387,2020,7
2020-07-10,Brooklyn,87,60647,7543,603930,2020,7
2020-07-11,Brooklyn,101,60748,7261,611191,2020,7
2020-07-12,Brooklyn,67,60815,5925,617116,2020,7
2020-07-13,Brooklyn,89,60904,5637,622753,2020,7
2020-07-14,Brooklyn,108,61012,7601,630354,2020,7
2020-07-15,Brooklyn,112,61124,8189,638543,2020,7
2020-07-16,Brooklyn,109,61233,10677,649220,2020,7
2020-07-17,Brooklyn,118,61351,9343,658563,2020,7
2020-07-18,Brooklyn,81,61432,6260,664823,2020,7
2020-07-19,Brooklyn,56,61488,5904,670727,2020,7
2020-07-20,Brooklyn,80,61568,8084,678811,2020,7
2020-07-21,Brooklyn,94,61662,8182,686993,2020,7
2020-07-22,Brooklyn,90,61752,8779,695772,2020,7
2020-07-23,Brooklyn,72,61824,9523,705295,2020,7
2020-07-24,Brooklyn,102,61926,7669,712964,2020,7
2020-07-25,Brooklyn,62,61988,6610,719574,2020,7
2020-07-26,Brooklyn,65,62053,7052,726626,2020,7
2020-07-27,Brooklyn,57,62110,6374,733000,2020,7
2020-07-28,Brooklyn,84,62194,8815,741815,2020,7
2020-07-29,Brooklyn,101,62295,9160,750975,2020,7
2020-07-30,Brooklyn,90,62385,9095,760070,2020,7
2020-07-31,Brooklyn,109,62494,10667,770737,2020,7
2020-08-01,Brooklyn,83,62577,7441,778178,2020,8
2020-08-02,Brooklyn,64,62641,6911,785089,2020,8
2020-08-03,Brooklyn,74,62715,7510,792599,2020,8
2020-08-04,Brooklyn,75,62790,8138,800737,2020,8
2020-08-05,Brooklyn,100,62890,8929,809666,2020,8
2020-08-06,Brooklyn,109,62999,8735,818401,2020,8
2020-08-07,Brooklyn,87,63086,9201,827602,2020,8
2020-08-08,Brooklyn,69,63155,7685,835287,2020,8
2020-08-09,Brooklyn,68,63223,6590,841877,2020,8
2020-08-10,Brooklyn,85,63308,7833,849710,2020,8
2020-08-11,Brooklyn,102,63410,13378,863088,2020,8
2020-08-12,Brooklyn,132,63542,11994,875082,2020,8
2020-08-13,Brooklyn,94,63636,11535,886617,2020,8
2020-08-14,Brooklyn,143,63779,11157,897774,2020,8
2020-08-15,Brooklyn,82,63861,9558,907332,2020,8
2020-08-16,Brooklyn,52,63913,7179,914511,2020,8
2020-08-17,Brooklyn,89,64002,6633,921144,2020,8
2020-08-18,Brooklyn,80,64082,9135,930279,2020,8
2020-08-19,Brooklyn,80,64162,8865,939144,2020,8
2020-08-20,Brooklyn,74,64236,10187,949331,2020,8
2020-08-21,Brooklyn,65,64301,10756,960087,2020,8
2020-08-22,Brooklyn,74,64375,9136,969223,2020,8
2020-08-23,Brooklyn,47,64422,7826,977049,2020,8
2020-08-24,Brooklyn,73,64495,7208,984257,2020,8
2020-08-25,Brooklyn,77,64572,7983,992240,2020,8
2020-08-26,Brooklyn,92,64664,9336,1001576,2020,8
2020-08-27,Brooklyn,90,64754,12225,1013801,2020,8
2020-08-28,Brooklyn,103,64857,10972,1024773,2020,8
2020-08-29,Brooklyn,73,64930,11050,1035823,2020,8
2020-08-30,Brooklyn,68,64998,6957,1042780,2020,8
2020-08-31,Brooklyn,120,65118,9322,1052102,2020,8
2020-09-01,Brooklyn,83,65201,9607,1061709,2020,9
2020-09-02,Brooklyn,127,65328,10442,1072151,2020,9
2020-09-03,Brooklyn,112,65440,13256,1085407,2020,9
2020-09-04,Brooklyn,100,65540,10629,1096036,2020,9
2020-09-05,Brooklyn,86,65626,11109,1107145,2020,9
2020-09-06,Brooklyn,74,65700,7350,1114495,2020,9
2020-09-07,Brooklyn,57,65757,6683,1121178,2020,9
2020-09-08,Brooklyn,62,65819,8221,1129399,2020,9
2020-09-09,Brooklyn,110,65929,9082,1138481,2020,9
2020-09-10,Brooklyn,80,66009,9839,1148320,2020,9
2020-09-11,Brooklyn,115,66124,11402,1159722,2020,9
2020-09-12,Brooklyn,73,66197,7592,1167314,2020,9
2020-09-13,Brooklyn,77,66274,7304,1174618,2020,9
2020-09-14,Brooklyn,107,66381,7997,1182615,2020,9
2020-09-15,Brooklyn,87,66468,9006,1191621,2020,9
2020-09-16,Brooklyn,118,66586,8620,1200241,2020,9
2020-09-17,Brooklyn,151,66737,10338,1210579,2020,9
2020-09-18,Brooklyn,234,66971,13785,1224364,2020,9
2020-09-19,Brooklyn,165,67136,12173,1236537,2020,9
2020-09-20,Brooklyn,91,67227,7210,1243747,2020,9
2020-09-21,Brooklyn,164,67391,11982,1255729,2020,9
2020-09-22,Brooklyn,119,67510,7472,1263201,2020,9
2020-09-23,Brooklyn,207,67717,11102,1274303,2020,9
2020-09-24,Brooklyn,175,67892,10044,1284347,2020,9
2020-09-25,Brooklyn,203,68095,12389,1296736,2020,9
2020-09-26,Brooklyn,184,68279,9241,1305977,2020,9
2020-09-27,Brooklyn,183,68462,6981,1312958,2020,9
2020-09-28,Brooklyn,196,68658,11496,1324454,2020,9
2020-09-29,Brooklyn,186,68844,10547,1335001,2020,9
2020-09-30,Brooklyn,218,69062,11390,1346391,2020,9
2020-10-01,Brooklyn,257,69319,13484,1359875,2020,10
2020-10-02,Brooklyn,358,69677,15896,1375771,2020,10
2020-10-03,Brooklyn,256,69933,10882,1386653,2020,10
2020-10-04,Brooklyn,198,70131,7790,1394443,2020,10
2020-10-05,Brooklyn,223,70354,10652,1405095,2020,10
2020-10-06,Brooklyn,262,70616,11670,1416765,2020,10
2020-10-07,Brooklyn,283,70899,17061,1433826,2020,10
2020-10-08,Brooklyn,300,71199,15913,1449739,2020,10
2020-10-09,Brooklyn,236,71435,16528,1466267,2020,10
2020-10-10,Brooklyn,200,71635,13012,1479279,2020,10
2020-10-11,Brooklyn,121,71756,10104,1489383,2020,10
2020-10-12,Brooklyn,185,71941,12300,1501683,2020,10
2020-10-13,Brooklyn,218,72159,11198,1512881,2020,10
2020-10-14,Brooklyn,210,72369,17754,1530635,2020,10
2020-10-15,Brooklyn,229,72598,16348,1546983,2020,10
2020-10-16,Brooklyn,296,72894,20191,1567174,2020,10
2020-10-17,Brooklyn,229,73123,15572,1582746,2020,10
2020-10-18,Brooklyn,140,73263,9451,1592197,2020,10
2020-10-19,Brooklyn,170,73433,9545,1601742,2020,10
2020-10-20,Brooklyn,333,73766,15168,1616910,2020,10
2020-10-21,Brooklyn,169,73935,14185,1631095,2020,10
2020-10-22,Brooklyn,179,74114,17870,1648965,2020,10
2020-10-23,Brooklyn,225,74339,16840,1665805,2020,10
2020-10-24,Brooklyn,214,74553,14425,1680230,2020,10
2020-10-25,Brooklyn,150,74703,9490,1689720,2020,10
2020-10-26,Brooklyn,200,74903,11831,1701551,2020,10
2020-10-27,Brooklyn,266,75169,16524,1718075,2020,10
2020-10-28,Brooklyn,348,75517,20517,1738592,2020,10
2020-10-29,Brooklyn,262,75779,16919,1755511,2020,10
2020-10-30,Brooklyn,206,75985,14343,1769854,2020,10
2020-10-31,Brooklyn,253,76238,17552,1787406,2020,10
2020-11-01,Brooklyn,208,76446,11520,1798926,2020,11
2020-11-02,Brooklyn,217,76663,15312,1814238,2020,11
2020-11-03,Brooklyn,325,76988,20383,1834621,2020,11
2020-11-04,Brooklyn,353,77341,20703,1855324,2020,11
2020-11-05,Brooklyn,368,77709,18826,1874150,2020,11
2020-11-06,Brooklyn,349,78058,19342,1893492,2020,11
2020-11-07,Brooklyn,356,78414,18824,1912316,2020,11
2020-11-08,Brooklyn,331,78745,13287,1925603,2020,11
2020-11-09,Brooklyn,328,79073,17228,1942831,2020,11
2020-11-10,Brooklyn,485,79558,17933,1960764,2020,11
2020-11-11,Brooklyn,450,80008,19871,1980635,2020,11
2020-11-12,Brooklyn,483,80491,21782,2002417,2020,11
2020-11-13,Brooklyn,455,80946,21871,2024288,2020,11
2020-11-14,Brooklyn,425,81371,19932,2044220,2020,11
2020-11-15,Brooklyn,315,81686,16712,2060932,2020,11
2020-11-16,Brooklyn,404,82090,17493,2078425,2020,11
2020-11-17,Brooklyn,453,82543,17351,2095776,2020,11
2020-11-18,Brooklyn,540,83083,22956,2118732,2020,11
2020-11-19,Brooklyn,525,83608,24164,2142896,2020,11
2020-11-20,Brooklyn,522,84130,21922,2164818,2020,11
2020-11-21,Brooklyn,479,84609,24041,2188859,2020,11
2020-11-22,Brooklyn,499,85108,18796,2207655,2020,11
2020-11-23,Brooklyn,453,85561,18642,2226297,2020,11
2020-11-24,Brooklyn,491,86052,19803,2246100,2020,11
2020-11-25,Brooklyn,576,86628,25758,2271858,2020,11
2020-11-26,Brooklyn,759,87387,27307,2299165,2020,11
2020-11-27,Brooklyn,592,87979,20412,2319577,2020,11
2020-11-28,Brooklyn,502,88481,17394,2336971,2020,11
2020-11-29,Brooklyn,646,89127,18455,2355426,2020,11
2020-11-30,Brooklyn,624,89751,15853,2371279,2020,11
2020-12-01,Brooklyn,841,90592,20366,2391645,2020,12
2020-12-02,Brooklyn,1055,91647,24518,2416163,2020,12
2020-12-03,Brooklyn,948,92595,21790,2437953,2020,12
2020-12-04,Brooklyn,913,93508,22968,2460921,2020,12
2020-12-05,Brooklyn,804,94312,22710,2483631,2020,12
2020-12-06,Brooklyn,735,95047,18400,2502031,2020,12
2020-12-07,Brooklyn,973,96020,21118,2523149,2020,12
2020-12-08,Brooklyn,1073,97093,27802,2550951,2020,12
2020-12-09,Brooklyn,952,98045,22420,2573371,2020,12
2020-12-10,Brooklyn,869,98914,22770,2596141,2020,12
2020-12-11,Brooklyn,1227,100141,32482,2628623,2020,12
2020-12-12,Brooklyn,861,101002,22250,2650873,2020,12
2020-12-13,Brooklyn,830,101832,19132,2670005,2020,12
2020-12-14,Brooklyn,1163,102995,25232,2695237,2020,12
2020-12-15,Brooklyn,974,103969,19301,2714538,2020,12
2020-12-16,Brooklyn,1037,105006,23680,2738218,2020,12
2020-12-17,Brooklyn,1349,106355,33608,2771826,2020,12
2020-12-18,Brooklyn,1037,107392,24094,2795920,2020,12
2020-12-19,Brooklyn,938,108330,23164,2819084,2020,12
2020-12-20,Brooklyn,1009,109339,20487,2839571,2020,12
2020-12-21,Brooklyn,988,110327,20288,2859859,2020,12
2020-12-22,Brooklyn,1346,111673,28213,2888072,2020,12
2020-12-23,Brooklyn,1452,113125,29663,2917735,2020,12
2020-12-24,Brooklyn,1177,114302,25299,2943034,2020,12
2020-12-25,Brooklyn,1225,115527,27620,2970654,2020,12
2020-12-26,Brooklyn,856,116383,15330,2985984,2020,12
2020-12-27,Brooklyn,1034,117417,15197,3001181,2020,12
2020-12-28,Brooklyn,1335,118752,23317,3024498,2020,12
2020-12-29,Brooklyn,1456,120208,20606,3045104,2020,12
2020-12-30,Brooklyn,1767,121975,26297,3071401,2020,12
2020-12-31,Brooklyn,1449,123424,24505,3095906,2020,12
2021-01-01,Brooklyn,1385,124809,23897,3119803,2021,1
2021-01-02,Brooklyn,846,125655,16005,3135808,2021,1
2021-01-03,Brooklyn,1028,126683,16433,3152241,2021,1
2021-01-04,Brooklyn,1384,128067,19498,3171739,2021,1
2021-01-05,Brooklyn,1572,129639,22417,3194156,2021,1
2021-01-06,Brooklyn,1858,131497,27980,3222136,2021,1
2021-01-07,Brooklyn,1788,133285,27561,3249697,2021,1
2021-01-08,Brooklyn,1678,134963,30912,3280609,2021,1
2021-01-09,Brooklyn,1522,136485,31661,3312270,2021,1
2021-01-10,Brooklyn,1474,137959,25639,3337909,2021,1
2021-01-11,Brooklyn,1713,139672,25260,3363169,2021,1
2021-01-12,Brooklyn,1863,141535,26897,3390066,2021,1
2021-01-13,Brooklyn,1543,143078,26312,3416378,2021,1
2021-01-14,Brooklyn,2346,145424,41508,3457886,2021,1
2021-01-15,Brooklyn,1828,147252,34529,3492415,2021,1
2021-01-16,Brooklyn,1668,148920,31524,3523939,2021,1
2021-01-17,Brooklyn,1543,150463,24613,3548552,2021,1
2021-01-18,Brooklyn,1510,151973,23319,3571871,2021,1
2021-01-19,Brooklyn,1870,153843,28694,3600565,2021,1
2021-01-20,Brooklyn,1581,155424,25534,3626099,2021,1
2021-01-21,Brooklyn,1836,157260,34873,3660972,2021,1
2021-01-22,Brooklyn,1596,158856,31588,3692560,2021,1
2021-01-23,Brooklyn,1513,160369,31974,3724534,2021,1
2021-01-24,Brooklyn,1595,161964,27854,3752388,2021,1
2021-01-25,Brooklyn,1372,163336,19888,3772276,2021,1
2021-01-26,Brooklyn,1600,164936,28205,3800481,2021,1
2021-01-27,Brooklyn,1831,166767,33526,3834007,2021,1
2021-01-28,Brooklyn,1738,168505,32535,3866542,2021,1
2021-01-29,Brooklyn,1810,170315,34295,3900837,2021,1
2021-01-30,Brooklyn,1521,171836,31525,3932362,2021,1
2021-01-31,Brooklyn,1231,173067,22449,3954811,2021,1
2021-02-01,Brooklyn,1274,174341,20989,3975800,2021,2
2021-02-02,Brooklyn,808,175149,14483,3990283,2021,2
2021-02-03,Brooklyn,990,176139,17610,4007893,2021,2
2021-02-04,Brooklyn,1217,177356,21930,4029823,2021,2
2021-02-05,Brooklyn,1538,178894,30118,4059941,2021,2
2021-02-06,Brooklyn,1456,180350,29899,4089840,2021,2
2021-02-07,Brooklyn,1261,181611,23679,4113519,2021,2
2021-02-08,Brooklyn,1357,182968,18559,4132078,2021,2
2021-02-09,Brooklyn,1026,183994,21307,4153385,2021,2
2021-02-10,Brooklyn,1609,185603,32570,4185955,2021,2
2021-02-11,Brooklyn,1154,186757,31166,4217121,2021,2
2021-02-12,Brooklyn,1315,188072,30357,4247478,2021,2
2021-02-13,Brooklyn,1105,189177,27414,4274892,2021,2
2021-02-14,Brooklyn,961,190138,19665,4294557,2021,2
2021-02-15,Brooklyn,1137,191275,19882,4314439,2021,2
2021-02-16,Brooklyn,965,192240,21613,4336052,2021,2
2021-02-17,Brooklyn,1029,193269,29725,4365777,2021,2
2021-02-18,Brooklyn,1414,194683,29887,4395664,2021,2
2021-02-19,Brooklyn,1274,195957,28792,4424456,2021,2
2021-02-20,Brooklyn,1029,196986,22306,4446762,2021,2
2021-02-21,Brooklyn,947,197933,18765,4465527,2021,2
2021-02-22,Brooklyn,1039,198972,16448,4481975,2021,2
2021-02-23,Brooklyn,1299,200271,33093,4515068,2021,2
2021-02-24,Brooklyn,1311,201582,30725,4545793,2021,2
2021-02-25,Brooklyn,1374,202956,35255,4581048,2021,2
2021-02-26,Brooklyn,1306,204262,33471,4614519,2021,2
2021-02-27,Brooklyn,1134,205396,31529,4646048,2021,2
2021-02-28,Brooklyn,1025,206421,22226,4668274,2021,2
2021-03-01,Brooklyn,966,207387,14684,4682958,2021,3
2021-03-02,Brooklyn,1478,208865,31341,4714299,2021,3
2021-03-03,Brooklyn,1209,210074,31249,4745548,2021,3
2021-03-04,Brooklyn,1439,211513,40837,4786385,2021,3
2021-03-05,Brooklyn,1273,212786,34297,4820682,2021,3
2021-03-06,Brooklyn,1049,213835,23868,4844550,2021,3
2021-03-07,Brooklyn,776,214611,15966,4860516,2021,3
2021-03-08,Brooklyn,1158,215769,27198,4887714,2021,3
2021-03-09,Brooklyn,1066,216835,28091,4915805,2021,3
2021-03-10,Brooklyn,1173,218008,29740,4945545,2021,3
2021-03-11,Brooklyn,1572,219580,35816,4981361,2021,3
2021-03-12,Brooklyn,1109,220689,26066,5007427,2021,3
2021-03-13,Brooklyn,925,221614,21098,5028525,2021,3
2021-03-14,Brooklyn,908,222522,14958,5043483,2021,3
2021-03-15,Brooklyn,1079,223601,21838,5065321,2021,3
2021-03-16,Brooklyn,1711,225312,46316,5111637,2021,3
2021-03-17,Brooklyn,1226,226538,29446,5141083,2021,3
2021-03-18,Brooklyn,1400,227938,33521,5174604,2021,3
2021-03-19,Brooklyn,1075,229013,31215,5205819,2021,3
2021-03-20,Brooklyn,1244,230257,27757,5233576,2021,3
2021-03-21,Brooklyn,950,231207,18730,5252306,2021,3
2021-03-22,Brooklyn,1182,232389,23351,5275657,2021,3
2021-03-23,Brooklyn,1209,233598,28869,5304526,2021,3
2021-03-24,Brooklyn,1318,234916,29788,5334314,2021,3
2021-03-25,Brooklyn,1425,236341,34957,5369271,2021,3
2021-03-26,Brooklyn,1092,237433,27109,5396380,2021,3
2021-03-27,Brooklyn,1547,238980,35139,5431519,2021,3
2021-03-28,Brooklyn,1014,239994,22432,5453951,2021,3
2021-03-29,Brooklyn,920,240914,20616,5474567,2021,3
2021-03-30,Brooklyn,1202,242116,25207,5499774,2021,3
2021-03-31,Brooklyn,1266,243382,28051,5527825,2021,3
2021-04-01,Brooklyn,1113,244495,27592,5555417,2021,4
2021-04-02,Brooklyn,1118,245613,26945,5582362,2021,4
2021-04-03,Brooklyn,1097,246710,24418,5606780,2021,4
2021-04-04,Brooklyn,880,247590,19069,5625849,2021,4
2021-04-05,Brooklyn,985,248575,17879,5643728,2021,4
2021-04-06,Brooklyn,1130,249705,27505,5671233,2021,4
2021-04-07,Brooklyn,1079,250784,31690,5702923,2021,4
2021-04-08,Brooklyn,1369,252153,35206,5738129,2021,4
2021-04-09,Brooklyn,979,253132,33331,5771460,2021,4
2021-04-10,Brooklyn,1006,254138,30267,5801727,2021,4
2021-04-11,Brooklyn,679,254817,15612,5817339,2021,4
2021-04-12,Brooklyn,739,255556,14811,5832150,2021,4
2021-04-13,Brooklyn,1174,256730,31012,5863162,2021,4
2021-04-14,Brooklyn,866,257596,22794,5885956,2021,4
2021-04-15,Brooklyn,1154,258750,32068,5918024,2021,4
2021-04-16,Brooklyn,1367,260117,47155,5965179,2021,4
2021-04-17,Brooklyn,815,260932,28330,5993509,2021,4
2021-04-18,Brooklyn,667,261599,17888,6011397,2021,4
2021-04-19,Brooklyn,576,262175,13823,6025220,2021,4
2021-04-20,Brooklyn,679,262854,25867,6051087,2021,4
2021-04-21,Brooklyn,680,263534,27737,6078824,2021,4
2021-04-22,Brooklyn,780,264314,31263,6110087,2021,4
2021-04-23,Brooklyn,639,264953,29683,6139770,2021,4
2021-04-24,Brooklyn,674,265627,29105,6168875,2021,4
2021-04-25,Brooklyn,469,266096,14811,6183686,2021,4
2021-04-26,Brooklyn,425,266521,12305,6195991,2021,4
2021-04-27,Brooklyn,466,266987,26832,6222823,2021,4
2021-04-28,Brooklyn,535,267522,27431,6250254,2021,4
2021-04-29,Brooklyn,554,268076,25104,6275358,2021,4
2021-04-30,Brooklyn,549,268625,28976,6304334,2021,4
2021-05-01,Brooklyn,458,269083,24301,6328635,2021,5
2021-05-02,Brooklyn,297,269380,12337,6340972,2021,5
2021-05-03,Brooklyn,282,269662,13302,6354274,2021,5
2021-05-04,Brooklyn,372,270034,22288,6376562,2021,5
2021-05-05,Brooklyn,343,270377,24118,6400680,2021,5
2021-05-06,Brooklyn,297,270674,23825,6424505,2021,5
2021-05-07,Brooklyn,413,271087,32297,6456802,2021,5
2021-05-08,Brooklyn,289,271376,22437,6479239,2021,5
2021-05-09,Brooklyn,197,271573,12574,6491813,2021,5
2021-05-10,Brooklyn,165,271738,12608,6504421,2021,5
2021-05-11,Brooklyn,227,271965,28507,6532928,2021,5
2021-05-12,Brooklyn,294,272259,24881,6557809,2021,5
2021-05-13,Brooklyn,249,272508,25254,6583063,2021,5
2021-05-14,Brooklyn,198,272706,23055,6606118,2021,5
2021-05-15,Brooklyn,174,272880,22705,6628823,2021,5
2021-05-16,Brooklyn,159,273039,11680,6640503,2021,5
2021-05-17,Brooklyn,121,273160,11688,6652191,2021,5
2021-05-18,Brooklyn,167,273327,19737,6671928,2021,5
2021-05-19,Brooklyn,154,273481,24618,6696546,2021,5
2021-05-20,Brooklyn,245,273726,25395,6721941,2021,5
2021-05-21,Brooklyn,156,273882,22684,6744625,2021,5
2021-05-22,Brooklyn,154,274036,20407,6765032,2021,5
2021-05-23,Brooklyn,106,274142,10926,6775958,2021,5
2021-05-24,Brooklyn,95,274237,9747,6785705,2021,5
2021-05-25,Brooklyn,104,274341,21992,6807697,2021,5
2021-05-26,Brooklyn,126,274467,23698,6831395,2021,5
2021-05-27,Brooklyn,114,274581,22676,6854071,2021,5
2021-05-28,Brooklyn,81,274662,20011,6874082,2021,5
2021-05-29,Brooklyn,82,274744,18026,6892108,2021,5
2021-05-30,Brooklyn,56,274800,8645,6900753,2021,5
2021-05-31,Brooklyn,53,274853,7516,6908269,2021,5
2021-06-01,Brooklyn,57,274910,16703,6924972,2021,6
2021-06-02,Brooklyn,81,274991,19910,6944882,2021,6
2021-06-03,Brooklyn,102,275093,27291,6972173,2021,6
2021-06-04,Brooklyn,68,275161,16502,6988675,2021,6
2021-06-05,Brooklyn,72,275233,19124,7007799,2021,6
2021-06-06,Brooklyn,38,275271,9250,7017049,2021,6
2021-06-07,Brooklyn,59,275330,9510,7026559,2021,6
2021-06-08,Brooklyn,64,275394,18579,7045138,2021,6
2021-06-09,Brooklyn,83,275477,20623,7065761,2021,6
2021-06-10,Brooklyn,68,275545,18495,7084256,2021,6
2021-06-11,Brooklyn,71,275616,21137,7105393,2021,6
2021-06-12,Brooklyn,43,275659,18068,7123461,2021,6
2021-06-13,Brooklyn,36,275695,8305,7131766,2021,6
2021-06-14,Brooklyn,47,275742,8544,7140310,2021,6
2021-06-15,Brooklyn,54,275796,17933,7158243,2021,6
2021-06-16,Brooklyn,48,275844,19203,7177446,2021,6
2021-06-17,Brooklyn,56,275900,18850,7196296,2021,6
2021-06-18,Brooklyn,47,275947,17847,7214143,2021,6
2021-06-19,Brooklyn,48,275995,15313,7229456,2021,6
2021-06-20,Brooklyn,41,276036,8295,7237751,2021,6
2021-06-21,Brooklyn,38,276074,8156,7245907,2021,6
2021-06-22,Brooklyn,49,276123,16269,7262176,2021,6
2021-06-23,Brooklyn,52,276175,19082,7281258,2021,6
2021-06-24,Brooklyn,57,276232,14710,7295968,2021,6
2021-06-25,Brooklyn,65,276297,15024,7310992,2021,6
2021-06-26,Brooklyn,55,276352,12857,7323849,2021,6
2021-06-27,Brooklyn,43,276395,8379,7332228,2021,6
2021-06-28,Brooklyn,54,276449,7915,7340143,2021,6
2021-06-29,Brooklyn,49,276498,14201,7354344,2021,6
2021-06-30,Brooklyn,70,276568,12483,7366827,2021,6
2021-07-01,Brooklyn,69,276637,11577,7378404,2021,7
2021-07-02,Brooklyn,92,276729,13954,7392358,2021,7
2021-07-03,Brooklyn,62,276791,11080,7403438,2021,7
2021-07-04,Brooklyn,61,276852,8012,7411450,2021,7
2021-07-05,Brooklyn,35,276887,5890,7417340,2021,7
2021-07-06,Brooklyn,84,276971,7885,7425225,2021,7
2021-07-07,Brooklyn,138,277109,16936,7442161,2021,7
2021-07-08,Brooklyn,184,277293,14728,7456889,2021,7
2021-07-09,Brooklyn,119,277412,13321,7470210,2021,7
2021-07-10,Brooklyn,123,277535,12216,7482426,2021,7
2021-07-11,Brooklyn,111,277646,8380,7490806,2021,7
2021-07-12,Brooklyn,107,277753,8838,7499644,2021,7
2021-07-13,Brooklyn,159,277912,13199,7512843,2021,7
2021-07-14,Brooklyn,185,278097,14297,7527140,2021,7
2021-07-15,Brooklyn,208,278305,14977,7542117,2021,7
2021-07-16,Brooklyn,262,278567,13938,7556055,2021,7
2021-07-17,Brooklyn,200,278767,13387,7569442,2021,7
2021-07-18,Brooklyn,141,278908,23240,7592682,2021,7
2021-07-19,Brooklyn,246,279154,13617,7606299,2021,7
2021-07-20,Brooklyn,295,279449,15439,7621738,2021,7
2021-07-21,Brooklyn,301,279750,16599,7638337,2021,7
2021-07-22,Brooklyn,327,280077,16969,7655306,2021,7
2021-07-23,Brooklyn,366,280443,19181,7674487,2021,7
2021-07-24,Brooklyn,357,280800,16809,7691296,2021,7
2021-07-25,Brooklyn,266,281066,10753,7702049,2021,7
2021-07-26,Brooklyn,293,281359,12503,7714552,2021,7
2021-07-27,Brooklyn,447,281806,19858,7734410,2021,7
2021-07-28,Brooklyn,493,282299,20113,7754523,2021,7
2021-07-29,Brooklyn,456,282755,19521,7774044,2021,7
2021-07-30,Brooklyn,528,283283,21162,7795206,2021,7
2021-07-31,Brooklyn,418,283701,16481,7811687,2021,7
2021-08-01,Brooklyn,390,284091,13932,7825619,2021,8
2021-08-02,Brooklyn,415,284506,15292,7840911,2021,8
2021-08-03,Brooklyn,562,285068,22027,7862938,2021,8
2021-08-04,Brooklyn,591,285659,24664,7887602,2021,8
2021-08-05,Brooklyn,627,286286,24790,7912392,2021,8
2021-08-06,Brooklyn,629,286915,23231,7935623,2021,8
2021-08-07,Brooklyn,569,287484,19721,7955344,2021,8
2021-08-08,Brooklyn,593,288077,19188,7974532,2021,8
2021-08-09,Brooklyn,480,288557,15730,7990262,2021,8
2021-08-10,Brooklyn,637,289194,32085,8022347,2021,8
2021-08-11,Brooklyn,714,289908,27260,8049607,2021,8
2021-08-12,Brooklyn,592,290500,25261,8074868,2021,8
2021-08-13,Brooklyn,666,291166,24464,8099332,2021,8
2021-08-14,Brooklyn,603,291769,23046,8122378,2021,8
2021-08-15,Brooklyn,442,292211,16929,8139307,2021,8
2021-08-16,Brooklyn,474,292685,14340,8153647,2021,8
2021-08-17,Brooklyn,723,293408,26662,8180309,2021,8
2021-08-18,Brooklyn,754,294162,28342,8208651,2021,8
2021-08-19,Brooklyn,667,294829,27352,8236003,2021,8
2021-08-20,Brooklyn,679,295508,28876,8264879,2021,8
2021-08-21,Brooklyn,591,296099,25195,8290074,2021,8
2021-08-22,Brooklyn,473,296572,16100,8306174,2021,8
2021-08-23,Brooklyn,457,297029,14088,8320262,2021,8
2021-08-24,Brooklyn,637,297666,24703,8344965,2021,8
2021-08-25,Brooklyn,746,298412,25521,8370486,2021,8
2021-08-26,Brooklyn,672,299084,25758,8396244,2021,8
2021-08-27,Brooklyn,700,299784,27424,8423668,2021,8
2021-08-28,Brooklyn,509,300293,26424,8450092,2021,8
2021-08-29,Brooklyn,484,300777,16046,8466138,2021,8
2021-08-30,Brooklyn,412,301189,15603,8481741,2021,8
2021-08-31,Brooklyn,594,301783,22427,8504168,2021,8
2021-09-01,Brooklyn,550,302333,24734,8528902,2021,9
2021-09-02,Brooklyn,657,302990,26756,8555658,2021,9
2021-09-03,Brooklyn,555,303545,22833,8578491,2021,9
2021-09-04,Brooklyn,478,304023,22707,8601198,2021,9
2021-09-05,Brooklyn,376,304399,15883,8617081,2021,9
2021-09-06,Brooklyn,299,304698,12082,8629163,2021,9
2021-09-07,Brooklyn,480,305178,17519,8646682,2021,9
2021-09-08,Brooklyn,559,305737,28054,8674736,2021,9
2021-09-09,Brooklyn,590,306327,28279,8703015,2021,9
2021-09-10,Brooklyn,680,307007,33082,8736097,2021,9
2021-09-11,Brooklyn,567,307574,27404,8763501,2021,9
2021-09-12,Brooklyn,458,308032,19733,8783234,2021,9
2021-09-13,Brooklyn,551,308583,16953,8800187,2021,9
2021-09-14,Brooklyn,656,309239,26837,8827024,2021,9
2021-09-15,Brooklyn,700,309939,27387,8854411,2021,9
2021-09-16,Brooklyn,615,310554,31179,8885590,2021,9
2021-09-17,Brooklyn,687,311241,30135,8915725,2021,9
2021-09-18,Brooklyn,628,311869,44987,8960712,2021,9
2021-09-19,Brooklyn,443,312312,20934,8981646,2021,9
2021-09-20,Brooklyn,547,312859,20120,9001766,2021,9
2021-09-21,Brooklyn,598,313457,30982,9032748,2021,9
2021-09-22,Brooklyn,426,313883,27993,9060741,2021,9
2021-09-23,Brooklyn,552,314435,30031,9090772,2021,9
2021-09-24,Brooklyn,525,314960,30893,9121665,2021,9
2021-09-25,Brooklyn,501,315461,28948,9150613,2021,9
2021-09-26,Brooklyn,418,315879,20905,9171518,2021,9
2021-09-27,Brooklyn,529,316408,24363,9195881,2021,9
2021-09-28,Brooklyn,499,316907,29175,9225056,2021,9
2021-09-29,Brooklyn,487,317394,47380,9272436,2021,9
2021-09-30,Brooklyn,385,317779,29694,9302130,2021,9
2021-10-01,Brooklyn,563,318342,40681,9342811,2021,10
2021-10-02,Brooklyn,466,318808,32314,9375125,2021,10
2021-10-03,Brooklyn,487,319295,20951,9396076,2021,10
2021-10-04,Brooklyn,500,319795,23876,9419952,2021,10
2021-10-05,Brooklyn,577,320372,29766,9449718,2021,10
2021-10-06,Brooklyn,648,321020,35405,9485123,2021,10
2021-10-07,Brooklyn,483,321503,33818,9518941,2021,10
2021-10-08,Brooklyn,544,322047,34729,9553670,2021,10
2021-10-09,Brooklyn,246,322293,13735,9567405,2021,10
2021-10-10,Brooklyn,522,322815,35351,9602756,2021,10
2021-10-11,Brooklyn,389,323204,17980,9620736,2021,10
2021-10-12,Brooklyn,561,323765,22801,9643537,2021,10
2021-10-13,Brooklyn,408,324173,35629,9679166,2021,10
2021-10-14,Brooklyn,528,324701,40731,9719897,2021,10
2021-10-15,Brooklyn,509,325210,35868,9755765,2021,10
2021-10-16,Brooklyn,413,325623,41404,9797169,2021,10
2021-10-17,Brooklyn,263,325886,17519,9814688,2021,10
2021-10-18,Brooklyn,480,326366,24330,9839018,2021,10
2021-10-19,Brooklyn,482,326848,30703,9869721,2021,10
2021-10-20,Brooklyn,434,327282,31961,9901682,2021,10
2021-10-21,Brooklyn,348,327630,30472,9932154,2021,10
2021-10-22,Brooklyn,319,327949,28188,9960342,2021,10
2021-10-23,Brooklyn,246,328195,26565,9986907,2021,10
2021-10-24,Brooklyn,261,328456,19833,10006740,2021,10
2021-10-25,Brooklyn,191,328647,13555,10020295,2021,10
2021-10-26,Brooklyn,314,328961,23889,10044184,2021,10
2021-10-27,Brooklyn,438,329399,44802,10088986,2021,10
2021-10-28,Brooklyn,382,329781,34287,10123273,2021,10
2021-10-29,Brooklyn,300,330081,32332,10155605,2021,10
2021-10-30,Brooklyn,301,330382,25879,10181484,2021,10
2021-10-31,Brooklyn,339,330721,28508,10209992,2021,10
2021-11-01,Brooklyn,316,331037,15552,10225544,2021,11
2021-11-02,Brooklyn,349,331386,28643,10254187,2021,11
2021-11-03,Brooklyn,340,331726,27953,10282140,2021,11
2021-11-04,Brooklyn,332,332058,26994,10309134,2021,11
2021-11-05,Brooklyn,421,332479,31257,10340391,2021,11
2021-11-06,Brooklyn,297,332776,25559,10365950,2021,11
2021-11-07,Brooklyn,321,333097,20940,10386890,2021,11
2021-11-08,Brooklyn,311,333408,19337,10406227,2021,11
2021-11-09,Brooklyn,355,333763,23325,10429552,2021,11
2021-11-10,Brooklyn,420,334183,32570,10462122,2021,11
2021-11-11,Brooklyn,404,334587,26722,10488844,2021,11
2021-11-12,Brooklyn,455,335042,29838,10518682,2021,11
2021-11-13,Brooklyn,339,335381,29549,10548231,2021,11
2021-11-14,Brooklyn,395,335776,18131,10566362,2021,11
2021-11-15,Brooklyn,331,336107,16075,10582437,2021,11
2021-11-16,Brooklyn,415,336522,24459,10606896,2021,11
2021-11-17,Brooklyn,450,336972,38036,10644932,2021,11
2021-11-18,Brooklyn,530,337502,26495,10671427,2021,11
2021-11-19,Brooklyn,468,337970,30584,10702011,2021,11
2021-11-20,Brooklyn,420,338390,35347,10737358,2021,11
2021-11-21,Brooklyn,434,338824,20047,10757405,2021,11
2021-11-22,Brooklyn,375,339199,18748,10776153,2021,11
2021-11-23,Brooklyn,471,339670,32021,10808174,2021,11
2021-11-24,Brooklyn,534,340204,39860,10848034,2021,11
2021-11-25,Brooklyn,473,340677,28583,10876617,2021,11
2021-11-26,Brooklyn,398,341075,19883,10896500,2021,11
2021-11-27,Brooklyn,497,341572,27623,10924123,2021,11
2021-11-28,Brooklyn,398,341970,18399,10942522,2021,11
2021-11-29,Brooklyn,430,342400,27561,10970083,2021,11
2021-11-30,Brooklyn,492,342892,27636,10997719,2021,11
2021-12-01,Brooklyn,718,343610,30792,11028511,2021,12
2021-12-02,Brooklyn,716,344326,32953,11061464,2021,12
2020-03-01,Manhattan,0,0,0,0,2020,3
2020-03-02,Manhattan,0,0,0,0,2020,3
2020-03-03,Manhattan,0,0,3,3,2020,3
2020-03-04,Manhattan,1,1,4,7,2020,3
2020-03-05,Manhattan,1,2,18,25,2020,3
2020-03-06,Manhattan,3,5,14,39,2020,3
2020-03-07,Manhattan,0,5,22,61,2020,3
2020-03-08,Manhattan,0,5,24,85,2020,3
2020-03-09,Manhattan,7,12,47,132,2020,3
2020-03-10,Manhattan,12,24,78,210,2020,3
2020-03-11,Manhattan,3,27,70,280,2020,3
2020-03-12,Manhattan,18,45,186,466,2020,3
2020-03-13,Manhattan,39,84,268,734,2020,3
2020-03-14,Manhattan,28,112,193,927,2020,3
2020-03-15,Manhattan,60,172,317,1244,2020,3
2020-03-16,Manhattan,69,241,398,1642,2020,3
2020-03-17,Manhattan,161,402,598,2240,2020,3
2020-03-18,Manhattan,335,737,1074,3314,2020,3
2020-03-19,Manhattan,437,1174,1235,4549,2020,3
2020-03-20,Manhattan,370,1544,1263,5812,2020,3
2020-03-21,Manhattan,522,2066,1370,7182,2020,3
2020-03-22,Manhattan,607,2673,1367,8549,2020,3
2020-03-23,Manhattan,405,3078,990,9539,2020,3
2020-03-24,Manhattan,442,3520,1065,10604,2020,3
2020-03-25,Manhattan,542,4062,1232,11836,2020,3
2020-03-26,Manhattan,523,4585,1062,12898,2020,3
2020-03-27,Manhattan,631,5216,1314,14212,2020,3
2020-03-28,Manhattan,590,5806,1160,15372,2020,3
2020-03-29,Manhattan,422,6228,788,16160,2020,3
2020-03-30,Manhattan,648,6876,1422,17582,2020,3
2020-03-31,Manhattan,497,7373,1015,18597,2020,3
2020-04-01,Manhattan,470,7843,1002,19599,2020,4
2020-04-02,Manhattan,609,8452,1294,20893,2020,4
2020-04-03,Manhattan,848,9300,1820,22713,2020,4
2020-04-04,Manhattan,598,9898,1278,23991,2020,4
2020-04-05,Manhattan,542,10440,1162,25153,2020,4
2020-04-06,Manhattan,572,11012,1249,26402,2020,4
2020-04-07,Manhattan,492,11504,1257,27659,2020,4
2020-04-08,Manhattan,602,12106,1424,29083,2020,4
2020-04-09,Manhattan,616,12722,1659,30742,2020,4
2020-04-10,Manhattan,715,13437,1685,32427,2020,4
2020-04-11,Manhattan,708,14145,1783,34210,2020,4
2020-04-12,Manhattan,356,14501,1033,35243,2020,4
2020-04-13,Manhattan,379,14880,1206,36449,2020,4
2020-04-14,Manhattan,1737,16617,4068,40517,2020,4
2020-04-15,Manhattan,474,17091,1533,42050,2020,4
2020-04-16,Manhattan,399,17490,1476,43526,2020,4
2020-04-17,Manhattan,442,17932,1585,45111,2020,4
2020-04-18,Manhattan,288,18220,1093,46204,2020,4
2020-04-19,Manhattan,248,18468,954,47158,2020,4
2020-04-20,Manhattan,231,18699,1099,48257,2020,4
2020-04-21,Manhattan,326,19025,1430,49687,2020,4
2020-04-22,Manhattan,323,19348,1581,51268,2020,4
2020-04-23,Manhattan,506,19854,2654,53922,2020,4
2020-04-24,Manhattan,426,20280,2110,56032,2020,4
2020-04-25,Manhattan,493,20773,2354,58386,2020,4
2020-04-26,Manhattan,324,21097,2007,60393,2020,4
2020-04-27,Manhattan,215,21312,1650,62043,2020,4
2020-04-28,Manhattan,292,21604,2260,64303,2020,4
2020-04-29,Manhattan,316,21920,2299,66602,2020,4
2020-04-30,Manhattan,255,22175,2205,68807,2020,4
2020-05-01,Manhattan,321,22496,2606,71413,2020,5
2020-05-02,Manhattan,245,22741,2214,73627,2020,5
2020-05-03,Manhattan,159,22900,1524,75151,2020,5
2020-05-04,Manhattan,154,23054,2246,77397,2020,5
2020-05-05,Manhattan,203,23257,2499,79896,2020,5
2020-05-06,Manhattan,272,23529,2966,82862,2020,5
2020-05-07,Manhattan,201,23730,3036,85898,2020,5
2020-05-08,Manhattan,151,23881,2633,88531,2020,5
2020-05-09,Manhattan,96,23977,2336,90867,2020,5
2020-05-10,Manhattan,85,24062,1496,92363,2020,5
2020-05-11,Manhattan,129,24191,1984,94347,2020,5
2020-05-12,Manhattan,157,24348,2825,97172,2020,5
2020-05-13,Manhattan,177,24525,3697,100869,2020,5
2020-05-14,Manhattan,307,24832,3933,104802,2020,5
2020-05-15,Manhattan,150,24982,3469,108271,2020,5
2020-05-16,Manhattan,148,25130,3096,111367,2020,5
2020-05-17,Manhattan,86,25216,2019,113386,2020,5
2020-05-18,Manhattan,77,25293,2830,116216,2020,5
2020-05-19,Manhattan,98,25391,3685,119901,2020,5
2020-05-20,Manhattan,131,25522,4219,124120,2020,5
2020-05-21,Manhattan,150,25672,4363,128483,2020,5
2020-05-22,Manhattan,134,25806,4582,133065,2020,5
2020-05-23,Manhattan,103,25909,4187,137252,2020,5
2020-05-24,Manhattan,100,26009,3356,140608,2020,5
2020-05-25,Manhattan,83,26092,3635,144243,2020,5
2020-05-26,Manhattan,121,26213,3599,147842,2020,5
2020-05-27,Manhattan,134,26347,6888,154730,2020,5
2020-05-28,Manhattan,133,26480,7418,162148,2020,5
2020-05-29,Manhattan,96,26576,5678,167826,2020,5
2020-05-30,Manhattan,77,26653,4425,172251,2020,5
2020-05-31,Manhattan,68,26721,4385,176636,2020,5
2020-06-01,Manhattan,93,26814,5161,181797,2020,6
2020-06-02,Manhattan,72,26886,4211,186008,2020,6
2020-06-03,Manhattan,82,26968,4377,190385,2020,6
2020-06-04,Manhattan,69,27037,4416,194801,2020,6
2020-06-05,Manhattan,85,27122,5322,200123,2020,6
2020-06-06,Manhattan,56,27178,4711,204834,2020,6
2020-06-07,Manhattan,39,27217,4045,208879,2020,6
2020-06-08,Manhattan,41,27258,3953,212832,2020,6
2020-06-09,Manhattan,66,27324,5433,218265,2020,6
2020-06-10,Manhattan,60,27384,4991,223256,2020,6
2020-06-11,Manhattan,68,27452,5660,228916,2020,6
2020-06-12,Manhattan,77,27529,6296,235212,2020,6
2020-06-13,Manhattan,44,27573,5525,240737,2020,6
2020-06-14,Manhattan,54,27627,6036,246773,2020,6
2020-06-15,Manhattan,50,27677,6158,252931,2020,6
2020-06-16,Manhattan,31,27708,5830,258761,2020,6
2020-06-17,Manhattan,52,27760,6701,265462,2020,6
2020-06-18,Manhattan,64,27824,7866,273328,2020,6
2020-06-19,Manhattan,67,27891,7972,281300,2020,6
2020-06-20,Manhattan,75,27966,7602,288902,2020,6
2020-06-21,Manhattan,51,28017,4871,293773,2020,6
2020-06-22,Manhattan,58,28075,4887,298660,2020,6
2020-06-23,Manhattan,57,28132,4933,303593,2020,6
2020-06-24,Manhattan,60,28192,6494,310087,2020,6
2020-06-25,Manhattan,58,28250,6504,316591,2020,6
2020-06-26,Manhattan,81,28331,8749,325340,2020,6
2020-06-27,Manhattan,49,28380,5886,331226,2020,6
2020-06-28,Manhattan,21,28401,4009,335235,2020,6
2020-06-29,Manhattan,46,28447,5287,340522,2020,6
2020-06-30,Manhattan,71,28518,6206,346728,2020,6
2020-07-01,Manhattan,78,28596,7185,353913,2020,7
2020-07-02,Manhattan,102,28698,7062,360975,2020,7
2020-07-03,Manhattan,62,28760,6201,367176,2020,7
2020-07-04,Manhattan,44,28804,5736,372912,2020,7
2020-07-05,Manhattan,66,28870,7734,380646,2020,7
2020-07-06,Manhattan,50,28920,6251,386897,2020,7
2020-07-07,Manhattan,53,28973,6976,393873,2020,7
2020-07-08,Manhattan,56,29029,6504,400377,2020,7
2020-07-09,Manhattan,80,29109,8363,408740,2020,7
2020-07-10,Manhattan,56,29165,8216,416956,2020,7
2020-07-11,Manhattan,72,29237,6860,423816,2020,7
2020-07-12,Manhattan,65,29302,5419,429235,2020,7
2020-07-13,Manhattan,61,29363,5426,434661,2020,7
2020-07-14,Manhattan,79,29442,6910,441571,2020,7
2020-07-15,Manhattan,74,29516,7547,449118,2020,7
2020-07-16,Manhattan,74,29590,8266,457384,2020,7
2020-07-17,Manhattan,85,29675,7329,464713,2020,7
2020-07-18,Manhattan,56,29731,5436,470149,2020,7
2020-07-19,Manhattan,65,29796,5935,476084,2020,7
2020-07-20,Manhattan,71,29867,6705,482789,2020,7
2020-07-21,Manhattan,76,29943,7540,490329,2020,7
2020-07-22,Manhattan,90,30033,7521,497850,2020,7
2020-07-23,Manhattan,64,30097,7406,505256,2020,7
2020-07-24,Manhattan,64,30161,7262,512518,2020,7
2020-07-25,Manhattan,32,30193,4957,517475,2020,7
2020-07-26,Manhattan,57,30250,5377,522852,2020,7
2020-07-27,Manhattan,30,30280,5657,528509,2020,7
2020-07-28,Manhattan,49,30329,6548,535057,2020,7
2020-07-29,Manhattan,70,30399,7387,542444,2020,7
2020-07-30,Manhattan,59,30458,7859,550303,2020,7
2020-07-31,Manhattan,60,30518,9505,559808,2020,7
2020-08-01,Manhattan,46,30564,6825,566633,2020,8
2020-08-02,Manhattan,57,30621,6704,573337,2020,8
2020-08-03,Manhattan,56,30677,6757,580094,2020,8
2020-08-04,Manhattan,57,30734,6803,586897,2020,8
2020-08-05,Manhattan,65,30799,7634,594531,2020,8
2020-08-06,Manhattan,60,30859,7423,601954,2020,8
2020-08-07,Manhattan,62,30921,7852,609806,2020,8
2020-08-08,Manhattan,43,30964,7178,616984,2020,8
2020-08-09,Manhattan,52,31016,6513,623497,2020,8
2020-08-10,Manhattan,55,31071,6639,630136,2020,8
2020-08-11,Manhattan,76,31147,11421,641557,2020,8
2020-08-12,Manhattan,70,31217,10009,651566,2020,8
2020-08-13,Manhattan,62,31279,9097,660663,2020,8
2020-08-14,Manhattan,63,31342,10048,670711,2020,8
2020-08-15,Manhattan,56,31398,8885,679596,2020,8
2020-08-16,Manhattan,43,31441,6499,686095,2020,8
2020-08-17,Manhattan,64,31505,6304,692399,2020,8
2020-08-18,Manhattan,36,31541,7227,699626,2020,8
2020-08-19,Manhattan,62,31603,8868,708494,2020,8
2020-08-20,Manhattan,58,31661,13086,721580,2020,8
2020-08-21,Manhattan,47,31708,10873,732453,2020,8
2020-08-22,Manhattan,44,31752,8758,741211,2020,8
2020-08-23,Manhattan,44,31796,7076,748287,2020,8
2020-08-24,Manhattan,41,31837,6310,754597,2020,8
2020-08-25,Manhattan,48,31885,6958,761555,2020,8
2020-08-26,Manhattan,50,31935,8610,770165,2020,8
2020-08-27,Manhattan,42,31977,10799,780964,2020,8
2020-08-28,Manhattan,36,32013,10387,791351,2020,8
2020-08-29,Manhattan,62,32075,12710,804061,2020,8
2020-08-30,Manhattan,44,32119,8524,812585,2020,8
2020-08-31,Manhattan,46,32165,8300,820885,2020,8
2020-09-01,Manhattan,53,32218,9626,830511,2020,9
2020-09-02,Manhattan,33,32251,10431,840942,2020,9
2020-09-03,Manhattan,59,32310,11922,852864,2020,9
2020-09-04,Manhattan,62,32372,11623,864487,2020,9
2020-09-05,Manhattan,54,32426,10016,874503,2020,9
2020-09-06,Manhattan,16,32442,5522,880025,2020,9
2020-09-07,Manhattan,19,32461,5232,885257,2020,9
2020-09-08,Manhattan,39,32500,6601,891858,2020,9
2020-09-09,Manhattan,51,32551,7682,899540,2020,9
2020-09-10,Manhattan,52,32603,10273,909813,2020,9
2020-09-11,Manhattan,40,32643,11620,921433,2020,9
2020-09-12,Manhattan,34,32677,7538,928971,2020,9
2020-09-13,Manhattan,51,32728,8093,937064,2020,9
2020-09-14,Manhattan,44,32772,6557,943621,2020,9
2020-09-15,Manhattan,63,32835,8840,952461,2020,9
2020-09-16,Manhattan,57,32892,8958,961419,2020,9
2020-09-17,Manhattan,46,32938,10383,971802,2020,9
2020-09-18,Manhattan,73,33011,11603,983405,2020,9
2020-09-19,Manhattan,59,33070,10763,994168,2020,9
2020-09-20,Manhattan,35,33105,7038,1001206,2020,9
2020-09-21,Manhattan,41,33146,8274,1009480,2020,9
2020-09-22,Manhattan,41,33187,6599,1016079,2020,9
2020-09-23,Manhattan,50,33237,8567,1024646,2020,9
2020-09-24,Manhattan,50,33287,9692,1034338,2020,9
2020-09-25,Manhattan,48,33335,10299,1044637,2020,9
2020-09-26,Manhattan,36,33371,9082,1053719,2020,9
2020-09-27,Manhattan,47,33418,5700,1059419,2020,9
2020-09-28,Manhattan,79,33497,10863,1070282,2020,9
2020-09-29,Manhattan,64,33561,11148,1081430,2020,9
2020-09-30,Manhattan,65,33626,9545,1090975,2020,9
2020-10-01,Manhattan,72,33698,10456,1101431,2020,10
2020-10-02,Manhattan,93,33791,13510,1114941,2020,10
2020-10-03,Manhattan,72,33863,10817,1125758,2020,10
2020-10-04,Manhattan,72,33935,10249,1136007,2020,10
2020-10-05,Manhattan,70,34005,9469,1145476,2020,10
2020-10-06,Manhattan,46,34051,8754,1154230,2020,10
2020-10-07,Manhattan,93,34144,12926,1167156,2020,10
2020-10-08,Manhattan,73,34217,14289,1181445,2020,10
2020-10-09,Manhattan,79,34296,13048,1194493,2020,10
2020-10-10,Manhattan,46,34342,11342,1205835,2020,10
2020-10-11,Manhattan,66,34408,10326,1216161,2020,10
2020-10-12,Manhattan,93,34501,10160,1226321,2020,10
2020-10-13,Manhattan,68,34569,9044,1235365,2020,10
2020-10-14,Manhattan,68,34637,12332,1247697,2020,10
2020-10-15,Manhattan,98,34735,13546,1261243,2020,10
2020-10-16,Manhattan,136,34871,18142,1279385,2020,10
2020-10-17,Manhattan,120,34991,18831,1298216,2020,10
2020-10-18,Manhattan,63,35054,8282,1306498,2020,10
2020-10-19,Manhattan,71,35125,7273,1313771,2020,10
2020-10-20,Manhattan,124,35249,13942,1327713,2020,10
2020-10-21,Manhattan,96,35345,11839,1339552,2020,10
2020-10-22,Manhattan,114,35459,13307,1352859,2020,10
2020-10-23,Manhattan,151,35610,15257,1368116,2020,10
2020-10-24,Manhattan,113,35723,12193,1380309,2020,10
2020-10-25,Manhattan,66,35789,7380,1387689,2020,10
2020-10-26,Manhattan,108,35897,9720,1397409,2020,10
2020-10-27,Manhattan,179,36076,13877,1411286,2020,10
2020-10-28,Manhattan,148,36224,20355,1431641,2020,10
2020-10-29,Manhattan,176,36400,15072,1446713,2020,10
2020-10-30,Manhattan,115,36515,14447,1461160,2020,10
2020-10-31,Manhattan,197,36712,22188,1483348,2020,10
2020-11-01,Manhattan,102,36814,11785,1495133,2020,11
2020-11-02,Manhattan,166,36980,15443,1510576,2020,11
2020-11-03,Manhattan,120,37100,13877,1524453,2020,11
2020-11-04,Manhattan,178,37278,15464,1539917,2020,11
2020-11-05,Manhattan,152,37430,15129,1555046,2020,11
2020-11-06,Manhattan,211,37641,16536,1571582,2020,11
2020-11-07,Manhattan,299,37940,17972,1589554,2020,11
2020-11-08,Manhattan,231,38171,11886,1601440,2020,11
2020-11-09,Manhattan,213,38384,11968,1613408,2020,11
2020-11-10,Manhattan,284,38668,14826,1628234,2020,11
2020-11-11,Manhattan,338,39006,17687,1645921,2020,11
2020-11-12,Manhattan,349,39355,20508,1666429,2020,11
2020-11-13,Manhattan,345,39700,18804,1685233,2020,11
2020-11-14,Manhattan,275,39975,16883,1702116,2020,11
2020-11-15,Manhattan,251,40226,15673,1717789,2020,11
2020-11-16,Manhattan,361,40587,15763,1733552,2020,11
2020-11-17,Manhattan,321,40908,14303,1747855,2020,11
2020-11-18,Manhattan,355,41263,19969,1767824,2020,11
2020-11-19,Manhattan,357,41620,20972,1788796,2020,11
2020-11-20,Manhattan,376,41996,18975,1807771,2020,11
2020-11-21,Manhattan,358,42354,25139,1832910,2020,11
2020-11-22,Manhattan,310,42664,21630,1854540,2020,11
2020-11-23,Manhattan,317,42981,18411,1872951,2020,11
2020-11-24,Manhattan,302,43283,19753,1892704,2020,11
2020-11-25,Manhattan,464,43747,30490,1923194,2020,11
2020-11-26,Manhattan,471,44218,28017,1951211,2020,11
2020-11-27,Manhattan,384,44602,17701,1968912,2020,11
2020-11-28,Manhattan,428,45030,15602,1984514,2020,11
2020-11-29,Manhattan,412,45442,13274,1997788,2020,11
2020-11-30,Manhattan,429,45871,14565,2012353,2020,11
2020-12-01,Manhattan,457,46328,18739,2031092,2020,12
2020-12-02,Manhattan,530,46858,20304,2051396,2020,12
2020-12-03,Manhattan,593,47451,20865,2072261,2020,12
2020-12-04,Manhattan,543,47994,23032,2095293,2020,12
2020-12-05,Manhattan,527,48521,25406,2120699,2020,12
2020-12-06,Manhattan,441,48962,17668,2138367,2020,12
2020-12-07,Manhattan,410,49372,14257,2152624,2020,12
2020-12-08,Manhattan,535,49907,20681,2173305,2020,12
2020-12-09,Manhattan,512,50419,19269,2192574,2020,12
2020-12-10,Manhattan,560,50979,22758,2215332,2020,12
2020-12-11,Manhattan,685,51664,26286,2241618,2020,12
2020-12-12,Manhattan,539,52203,22650,2264268,2020,12
2020-12-13,Manhattan,522,52725,17272,2281540,2020,12
2020-12-14,Manhattan,620,53345,18997,2300537,2020,12
2020-12-15,Manhattan,527,53872,15895,2316432,2020,12
2020-12-16,Manhattan,554,54426,20807,2337239,2020,12
2020-12-17,Manhattan,732,55158,29963,2367202,2020,12
2020-12-18,Manhattan,515,55673,19165,2386367,2020,12
2020-12-19,Manhattan,486,56159,23257,2409624,2020,12
2020-12-20,Manhattan,621,56780,19393,2429017,2020,12
2020-12-21,Manhattan,593,57373,17901,2446918,2020,12
2020-12-22,Manhattan,624,57997,23934,2470852,2020,12
2020-12-23,Manhattan,641,58638,25796,2496648,2020,12
2020-12-24,Manhattan,628,59266,25028,2521676,2020,12
2020-12-25,Manhattan,581,59847,22796,2544472,2020,12
2020-12-26,Manhattan,410,60257,10883,2555355,2020,12
2020-12-27,Manhattan,389,60646,10177,2565532,2020,12
2020-12-28,Manhattan,559,61205,15259,2580791,2020,12
2020-12-29,Manhattan,589,61794,14412,2595203,2020,12
2020-12-30,Manhattan,768,62562,21751,2616954,2020,12
2020-12-31,Manhattan,736,63298,22258,2639212,2020,12
2021-01-01,Manhattan,744,64042,19366,2658578,2021,1
2021-01-02,Manhattan,416,64458,10376,2668954,2021,1
2021-01-03,Manhattan,441,64899,11236,2680190,2021,1
2021-01-04,Manhattan,645,65544,13666,2693856,2021,1
2021-01-05,Manhattan,826,66370,17028,2710884,2021,1
2021-01-06,Manhattan,906,67276,23741,2734625,2021,1
2021-01-07,Manhattan,978,68254,26143,2760768,2021,1
2021-01-08,Manhattan,854,69108,27881,2788649,2021,1
2021-01-09,Manhattan,873,69981,28118,2816767,2021,1
2021-01-10,Manhattan,825,70806,22201,2838968,2021,1
2021-01-11,Manhattan,793,71599,17061,2856029,2021,1
2021-01-12,Manhattan,754,72353,16902,2872931,2021,1
2021-01-13,Manhattan,796,73149,22169,2895100,2021,1
2021-01-14,Manhattan,1066,74215,32603,2927703,2021,1
2021-01-15,Manhattan,997,75212,29886,2957589,2021,1
2021-01-16,Manhattan,870,76082,27827,2985416,2021,1
2021-01-17,Manhattan,671,76753,19218,3004634,2021,1
2021-01-18,Manhattan,688,77441,16539,3021173,2021,1
2021-01-19,Manhattan,722,78163,14336,3035509,2021,1
2021-01-20,Manhattan,717,78880,18234,3053743,2021,1
2021-01-21,Manhattan,932,79812,28980,3082723,2021,1
2021-01-22,Manhattan,856,80668,28276,3110999,2021,1
2021-01-23,Manhattan,814,81482,28900,3139899,2021,1
2021-01-24,Manhattan,916,82398,24684,3164583,2021,1
2021-01-25,Manhattan,850,83248,18151,3182734,2021,1
2021-01-26,Manhattan,686,83934,20554,3203288,2021,1
2021-01-27,Manhattan,923,84857,26040,3229328,2021,1
2021-01-28,Manhattan,883,85740,29001,3258329,2021,1
2021-01-29,Manhattan,903,86643,30440,3288769,2021,1
2021-01-30,Manhattan,776,87419,24445,3313214,2021,1
2021-01-31,Manhattan,632,88051,19838,3333052,2021,1
2021-02-01,Manhattan,567,88618,13091,3346143,2021,2
2021-02-02,Manhattan,381,88999,10959,3357102,2021,2
2021-02-03,Manhattan,508,89507,14765,3371867,2021,2
2021-02-04,Manhattan,688,90195,16496,3388363,2021,2
2021-02-05,Manhattan,872,91067,25765,3414128,2021,2
2021-02-06,Manhattan,826,91893,29701,3443829,2021,2
2021-02-07,Manhattan,656,92549,22439,3466268,2021,2
2021-02-08,Manhattan,555,93104,14620,3480888,2021,2
2021-02-09,Manhattan,531,93635,15697,3496585,2021,2
2021-02-10,Manhattan,689,94324,29504,3526089,2021,2
2021-02-11,Manhattan,645,94969,27346,3553435,2021,2
2021-02-12,Manhattan,764,95733,26599,3580034,2021,2
2021-02-13,Manhattan,689,96422,25380,3605414,2021,2
2021-02-14,Manhattan,516,96938,19306,3624720,2021,2
2021-02-15,Manhattan,517,97455,13207,3637927,2021,2
2021-02-16,Manhattan,422,97877,16332,3654259,2021,2
2021-02-17,Manhattan,532,98409,19479,3673738,2021,2
2021-02-18,Manhattan,785,99194,26028,3699766,2021,2
2021-02-19,Manhattan,699,99893,23897,3723663,2021,2
2021-02-20,Manhattan,540,100433,25071,3748734,2021,2
2021-02-21,Manhattan,547,100980,15921,3764655,2021,2
2021-02-22,Manhattan,519,101499,14566,3779221,2021,2
2021-02-23,Manhattan,456,101955,19444,3798665,2021,2
2021-02-24,Manhattan,711,102666,26102,3824767,2021,2
2021-02-25,Manhattan,723,103389,30870,3855637,2021,2
2021-02-26,Manhattan,693,104082,31224,3886861,2021,2
2021-02-27,Manhattan,647,104729,29296,3916157,2021,2
2021-02-28,Manhattan,566,105295,19262,3935419,2021,2
2021-03-01,Manhattan,419,105714,11190,3946609,2021,3
2021-03-02,Manhattan,644,106358,21218,3967827,2021,3
2021-03-03,Manhattan,624,106982,26828,3994655,2021,3
2021-03-04,Manhattan,805,107787,30981,4025636,2021,3
2021-03-05,Manhattan,721,108508,30399,4056035,2021,3
2021-03-06,Manhattan,544,109052,20887,4076922,2021,3
2021-03-07,Manhattan,418,109470,19098,4096020,2021,3
2021-03-08,Manhattan,562,110032,16594,4112614,2021,3
2021-03-09,Manhattan,575,110607,18349,4130963,2021,3
2021-03-10,Manhattan,563,111170,21993,4152956,2021,3
2021-03-11,Manhattan,808,111978,30333,4183289,2021,3
2021-03-12,Manhattan,522,112500,21329,4204618,2021,3
2021-03-13,Manhattan,524,113024,22492,4227110,2021,3
2021-03-14,Manhattan,458,113482,12151,4239261,2021,3
2021-03-15,Manhattan,389,113871,14301,4253562,2021,3
2021-03-16,Manhattan,834,114705,24715,4278277,2021,3
2021-03-17,Manhattan,661,115366,32196,4310473,2021,3
2021-03-18,Manhattan,690,116056,29754,4340227,2021,3
2021-03-19,Manhattan,657,116713,27758,4367985,2021,3
2021-03-20,Manhattan,672,117385,23551,4391536,2021,3
2021-03-21,Manhattan,519,117904,15157,4406693,2021,3
2021-03-22,Manhattan,451,118355,12680,4419373,2021,3
2021-03-23,Manhattan,631,118986,17375,4436748,2021,3
2021-03-24,Manhattan,595,119581,25901,4462649,2021,3
2021-03-25,Manhattan,649,120230,26648,4489297,2021,3
2021-03-26,Manhattan,662,120892,25258,4514555,2021,3
2021-03-27,Manhattan,760,121652,24724,4539279,2021,3
2021-03-28,Manhattan,619,122271,17705,4556984,2021,3
2021-03-29,Manhattan,488,122759,12858,4569842,2021,3
2021-03-30,Manhattan,604,123363,18437,4588279,2021,3
2021-03-31,Manhattan,657,124020,24514,4612793,2021,3
2021-04-01,Manhattan,636,124656,27072,4639865,2021,4
2021-04-02,Manhattan,603,125259,23011,4662876,2021,4
2021-04-03,Manhattan,592,125851,24384,4687260,2021,4
2021-04-04,Manhattan,465,126316,16263,4703523,2021,4
2021-04-05,Manhattan,370,126686,10706,4714229,2021,4
2021-04-06,Manhattan,527,127213,20306,4734535,2021,4
2021-04-07,Manhattan,604,127817,27589,4762124,2021,4
2021-04-08,Manhattan,666,128483,29351,4791475,2021,4
2021-04-09,Manhattan,530,129013,26594,4818069,2021,4
2021-04-10,Manhattan,475,129488,24480,4842549,2021,4
2021-04-11,Manhattan,293,129781,12820,4855369,2021,4
2021-04-12,Manhattan,274,130055,10902,4866271,2021,4
2021-04-13,Manhattan,329,130384,18271,4884542,2021,4
2021-04-14,Manhattan,403,130787,22079,4906621,2021,4
2021-04-15,Manhattan,541,131328,22409,4929030,2021,4
2021-04-16,Manhattan,567,131895,30977,4960007,2021,4
2021-04-17,Manhattan,401,132296,24448,4984455,2021,4
2021-04-18,Manhattan,255,132551,13841,4998296,2021,4
2021-04-19,Manhattan,209,132760,9389,5007685,2021,4
2021-04-20,Manhattan,282,133042,18474,5026159,2021,4
2021-04-21,Manhattan,264,133306,21520,5047679,2021,4
2021-04-22,Manhattan,288,133594,27008,5074687,2021,4
2021-04-23,Manhattan,224,133818,23233,5097920,2021,4
2021-04-24,Manhattan,252,134070,22796,5120716,2021,4
2021-04-25,Manhattan,130,134200,10912,5131628,2021,4
2021-04-26,Manhattan,160,134360,7483,5139111,2021,4
2021-04-27,Manhattan,181,134541,14492,5153603,2021,4
2021-04-28,Manhattan,210,134751,22826,5176429,2021,4
2021-04-29,Manhattan,205,134956,22907,5199336,2021,4
2021-04-30,Manhattan,237,135193,23962,5223298,2021,4
2021-05-01,Manhattan,173,135366,18920,5242218,2021,5
2021-05-02,Manhattan,101,135467,11222,5253440,2021,5
2021-05-03,Manhattan,92,135559,7834,5261274,2021,5
2021-05-04,Manhattan,120,135679,14786,5276060,2021,5
2021-05-05,Manhattan,158,135837,20532,5296592,2021,5
2021-05-06,Manhattan,119,135956,19835,5316427,2021,5
2021-05-07,Manhattan,193,136149,25750,5342177,2021,5
2021-05-08,Manhattan,104,136253,18984,5361161,2021,5
2021-05-09,Manhattan,77,136330,9946,5371107,2021,5
2021-05-10,Manhattan,69,136399,8347,5379454,2021,5
2021-05-11,Manhattan,108,136507,15621,5395075,2021,5
2021-05-12,Manhattan,93,136600,20020,5415095,2021,5
2021-05-13,Manhattan,124,136724,21658,5436753,2021,5
2021-05-14,Manhattan,104,136828,19617,5456370,2021,5
2021-05-15,Manhattan,93,136921,16183,5472553,2021,5
2021-05-16,Manhattan,56,136977,9964,5482517,2021,5
2021-05-17,Manhattan,42,137019,8464,5490981,2021,5
2021-05-18,Manhattan,60,137079,13375,5504356,2021,5
2021-05-19,Manhattan,92,137171,19593,5523949,2021,5
2021-05-20,Manhattan,67,137238,18463,5542412,2021,5
2021-05-21,Manhattan,74,137312,17632,5560044,2021,5
2021-05-22,Manhattan,67,137379,16424,5576468,2021,5
2021-05-23,Manhattan,45,137424,8585,5585053,2021,5
2021-05-24,Manhattan,27,137451,7849,5592902,2021,5
2021-05-25,Manhattan,45,137496,13747,5606649,2021,5
2021-05-26,Manhattan,65,137561,18262,5624911,2021,5
2021-05-27,Manhattan,57,137618,16996,5641907,2021,5
2021-05-28,Manhattan,58,137676,16042,5657949,2021,5
2021-05-29,Manhattan,34,137710,12986,5670935,2021,5
2021-05-30,Manhattan,32,137742,7011,5677946,2021,5
2021-05-31,Manhattan,24,137766,5100,5683046,2021,5
2021-06-01,Manhattan,20,137786,5654,5688700,2021,6
2021-06-02,Manhattan,32,137818,12597,5701297,2021,6
2021-06-03,Manhattan,68,137886,21422,5722719,2021,6
2021-06-04,Manhattan,43,137929,15631,5738350,2021,6
2021-06-05,Manhattan,34,137963,13220,5751570,2021,6
2021-06-06,Manhattan,27,137990,6919,5758489,2021,6
2021-06-07,Manhattan,37,138027,6967,5765456,2021,6
2021-06-08,Manhattan,33,138060,11529,5776985,2021,6
2021-06-09,Manhattan,32,138092,15597,5792582,2021,6
2021-06-10,Manhattan,35,138127,13322,5805904,2021,6
2021-06-11,Manhattan,50,138177,16486,5822390,2021,6
2021-06-12,Manhattan,35,138212,12137,5834527,2021,6
2021-06-13,Manhattan,32,138244,7069,5841596,2021,6
2021-06-14,Manhattan,28,138272,6203,5847799,2021,6
2021-06-15,Manhattan,27,138299,10236,5858035,2021,6
2021-06-16,Manhattan,38,138337,13698,5871733,2021,6
2021-06-17,Manhattan,30,138367,12336,5884069,2021,6
2021-06-18,Manhattan,37,138404,12426,5896495,2021,6
2021-06-19,Manhattan,25,138429,10839,5907334,2021,6
2021-06-20,Manhattan,21,138450,6404,5913738,2021,6
2021-06-21,Manhattan,21,138471,5956,5919694,2021,6
2021-06-22,Manhattan,27,138498,10162,5929856,2021,6
2021-06-23,Manhattan,30,138528,13438,5943294,2021,6
2021-06-24,Manhattan,38,138566,12737,5956031,2021,6
2021-06-25,Manhattan,43,138609,11822,5967853,2021,6
2021-06-26,Manhattan,40,138649,10285,5978138,2021,6
2021-06-27,Manhattan,25,138674,5751,5983889,2021,6
2021-06-28,Manhattan,24,138698,6112,5990001,2021,6
2021-06-29,Manhattan,44,138742,9851,5999852,2021,6
2021-06-30,Manhattan,31,138773,10772,6010624,2021,6
2021-07-01,Manhattan,68,138841,10444,6021068,2021,7
2021-07-02,Manhattan,34,138875,9886,6030954,2021,7
2021-07-03,Manhattan,71,138946,9107,6040061,2021,7
2021-07-04,Manhattan,54,139000,5171,6045232,2021,7
2021-07-05,Manhattan,22,139022,3528,6048760,2021,7
2021-07-06,Manhattan,47,139069,5403,6054163,2021,7
2021-07-07,Manhattan,91,139160,14600,6068763,2021,7
2021-07-08,Manhattan,74,139234,11558,6080321,2021,7
2021-07-09,Manhattan,86,139320,10584,6090905,2021,7
2021-07-10,Manhattan,88,139408,8859,6099764,2021,7
2021-07-11,Manhattan,76,139484,5798,6105562,2021,7
2021-07-12,Manhattan,60,139544,6347,6111909,2021,7
2021-07-13,Manhattan,87,139631,10940,6122849,2021,7
2021-07-14,Manhattan,107,139738,11249,6134098,2021,7
2021-07-15,Manhattan,137,139875,11682,6145780,2021,7
2021-07-16,Manhattan,187,140062,13239,6159019,2021,7
2021-07-17,Manhattan,158,140220,9993,6169012,2021,7
2021-07-18,Manhattan,94,140314,6141,6175153,2021,7
2021-07-19,Manhattan,120,140434,9364,6184517,2021,7
2021-07-20,Manhattan,196,140630,12383,6196900,2021,7
2021-07-21,Manhattan,225,140855,13798,6210698,2021,7
2021-07-22,Manhattan,233,141088,16373,6227071,2021,7
2021-07-23,Manhattan,279,141367,15185,6242256,2021,7
2021-07-24,Manhattan,214,141581,12056,6254312,2021,7
2021-07-25,Manhattan,177,141758,7177,6261489,2021,7
2021-07-26,Manhattan,178,141936,9462,6270951,2021,7
2021-07-27,Manhattan,253,142189,11925,6282876,2021,7
2021-07-28,Manhattan,286,142475,14403,6297279,2021,7
2021-07-29,Manhattan,269,142744,15520,6312799,2021,7
2021-07-30,Manhattan,332,143076,18101,6330900,2021,7
2021-07-31,Manhattan,256,143332,12409,6343309,2021,7
2021-08-01,Manhattan,233,143565,9259,6352568,2021,8
2021-08-02,Manhattan,265,143830,10504,6363072,2021,8
2021-08-03,Manhattan,320,144150,18044,6381116,2021,8
2021-08-04,Manhattan,437,144587,18404,6399520,2021,8
2021-08-05,Manhattan,389,144976,18729,6418249,2021,8
2021-08-06,Manhattan,373,145349,18279,6436528,2021,8
2021-08-07,Manhattan,335,145684,15423,6451951,2021,8
2021-08-08,Manhattan,385,146069,15797,6467748,2021,8
2021-08-09,Manhattan,250,146319,12764,6480512,2021,8
2021-08-10,Manhattan,339,146658,16479,6496991,2021,8
2021-08-11,Manhattan,415,147073,19412,6516403,2021,8
2021-08-12,Manhattan,380,147453,18130,6534533,2021,8
2021-08-13,Manhattan,446,147899,23697,6558230,2021,8
2021-08-14,Manhattan,687,148586,38276,6596506,2021,8
2021-08-15,Manhattan,337,148923,12330,6608836,2021,8
2021-08-16,Manhattan,274,149197,10833,6619669,2021,8
2021-08-17,Manhattan,433,149630,20346,6640015,2021,8
2021-08-18,Manhattan,416,150046,22318,6662333,2021,8
2021-08-19,Manhattan,394,150440,20440,6682773,2021,8
2021-08-20,Manhattan,385,150825,20641,6703414,2021,8
2021-08-21,Manhattan,375,151200,18401,6721815,2021,8
2021-08-22,Manhattan,267,151467,12373,6734188,2021,8
2021-08-23,Manhattan,254,151721,12701,6746889,2021,8
2021-08-24,Manhattan,386,152107,18463,6765352,2021,8
2021-08-25,Manhattan,405,152512,19665,6785017,2021,8
2021-08-26,Manhattan,441,152953,21482,6806499,2021,8
2021-08-27,Manhattan,436,153389,21382,6827881,2021,8
2021-08-28,Manhattan,311,153700,20976,6848857,2021,8
2021-08-29,Manhattan,262,153962,12947,6861804,2021,8
2021-08-30,Manhattan,274,154236,11031,6872835,2021,8
2021-08-31,Manhattan,318,154554,16733,6889568,2021,8
2021-09-01,Manhattan,322,154876,20951,6910519,2021,9
2021-09-02,Manhattan,460,155336,21966,6932485,2021,9
2021-09-03,Manhattan,302,155638,18970,6951455,2021,9
2021-09-04,Manhattan,320,155958,20604,6972059,2021,9
2021-09-05,Manhattan,225,156183,13300,6985359,2021,9
2021-09-06,Manhattan,156,156339,11636,6996995,2021,9
2021-09-07,Manhattan,244,156583,14775,7011770,2021,9
2021-09-08,Manhattan,342,156925,24709,7036479,2021,9
2021-09-09,Manhattan,452,157377,27821,7064300,2021,9
2021-09-10,Manhattan,508,157885,32934,7097234,2021,9
2021-09-11,Manhattan,370,158255,25209,7122443,2021,9
2021-09-12,Manhattan,282,158537,14053,7136496,2021,9
2021-09-13,Manhattan,255,158792,15477,7151973,2021,9
2021-09-14,Manhattan,285,159077,21080,7173053,2021,9
2021-09-15,Manhattan,456,159533,27062,7200115,2021,9
2021-09-16,Manhattan,386,159919,28442,7228557,2021,9
2021-09-17,Manhattan,473,160392,30048,7258605,2021,9
2021-09-18,Manhattan,382,160774,26077,7284682,2021,9
2021-09-19,Manhattan,232,161006,14506,7299188,2021,9
2021-09-20,Manhattan,285,161291,16937,7316125,2021,9
2021-09-21,Manhattan,296,161587,22919,7339044,2021,9
2021-09-22,Manhattan,335,161922,27898,7366942,2021,9
2021-09-23,Manhattan,328,162250,27309,7394251,2021,9
2021-09-24,Manhattan,298,162548,24149,7418400,2021,9
2021-09-25,Manhattan,262,162810,23771,7442171,2021,9
2021-09-26,Manhattan,207,163017,17347,7459518,2021,9
2021-09-27,Manhattan,251,163268,15506,7475024,2021,9
2021-09-28,Manhattan,259,163527,22666,7497690,2021,9
2021-09-29,Manhattan,258,163785,30525,7528215,2021,9
2021-09-30,Manhattan,259,164044,26240,7554455,2021,9
2021-10-01,Manhattan,268,164312,26894,7581349,2021,10
2021-10-02,Manhattan,195,164507,22367,7603716,2021,10
2021-10-03,Manhattan,213,164720,15391,7619107,2021,10
2021-10-04,Manhattan,204,164924,17305,7636412,2021,10
2021-10-05,Manhattan,213,165137,19857,7656269,2021,10
2021-10-06,Manhattan,268,165405,29674,7685943,2021,10
2021-10-07,Manhattan,247,165652,28683,7714626,2021,10
2021-10-08,Manhattan,231,165883,26010,7740636,2021,10
2021-10-09,Manhattan,130,166013,11487,7752123,2021,10
2021-10-10,Manhattan,240,166253,26134,7778257,2021,10
2021-10-11,Manhattan,160,166413,13216,7791473,2021,10
2021-10-12,Manhattan,173,166586,18792,7810265,2021,10
2021-10-13,Manhattan,211,166797,24883,7835148,2021,10
2021-10-14,Manhattan,261,167058,28529,7863677,2021,10
2021-10-15,Manhattan,250,167308,26539,7890216,2021,10
2021-10-16,Manhattan,184,167492,24756,7914972,2021,10
2021-10-17,Manhattan,101,167593,14570,7929542,2021,10
2021-10-18,Manhattan,174,167767,15814,7945356,2021,10
2021-10-19,Manhattan,152,167919,21469,7966825,2021,10
2021-10-20,Manhattan,188,168107,27632,7994457,2021,10
2021-10-21,Manhattan,132,168239,27068,8021525,2021,10
2021-10-22,Manhattan,166,168405,23654,8045179,2021,10
2021-10-23,Manhattan,143,168548,23500,8068679,2021,10
2021-10-24,Manhattan,155,168703,14447,8083126,2021,10
2021-10-25,Manhattan,103,168806,13849,8096975,2021,10
2021-10-26,Manhattan,139,168945,16952,8113927,2021,10
2021-10-27,Manhattan,235,169180,25964,8139891,2021,10
2021-10-28,Manhattan,141,169321,28544,8168435,2021,10
2021-10-29,Manhattan,183,169504,23833,8192268,2021,10
2021-10-30,Manhattan,161,169665,23024,8215292,2021,10
2021-10-31,Manhattan,115,169780,12489,8227781,2021,10
2021-11-01,Manhattan,105,169885,13607,8241388,2021,11
2021-11-02,Manhattan,120,170005,18060,8259448,2021,11
2021-11-03,Manhattan,188,170193,25749,8285197,2021,11
2021-11-04,Manhattan,191,170384,20756,8305953,2021,11
2021-11-05,Manhattan,258,170642,25100,8331053,2021,11
2021-11-06,Manhattan,217,170859,23387,8354440,2021,11
2021-11-07,Manhattan,157,171016,12254,8366694,2021,11
2021-11-08,Manhattan,157,171173,11745,8378439,2021,11
2021-11-09,Manhattan,221,171394,17479,8395918,2021,11
2021-11-10,Manhattan,259,171653,26972,8422890,2021,11
2021-11-11,Manhattan,257,171910,25040,8447930,2021,11
2021-11-12,Manhattan,311,172221,29241,8477171,2021,11
2021-11-13,Manhattan,195,172416,20025,8497196,2021,11
2021-11-14,Manhattan,213,172629,13738,8510934,2021,11
2021-11-15,Manhattan,174,172803,13522,8524456,2021,11
2021-11-16,Manhattan,251,173054,18448,8542904,2021,11
2021-11-17,Manhattan,298,173352,27601,8570505,2021,11
2021-11-18,Manhattan,326,173678,27438,8597943,2021,11
2021-11-19,Manhattan,333,174011,25956,8623899,2021,11
2021-11-20,Manhattan,350,174361,25331,8649230,2021,11
2021-11-21,Manhattan,259,174620,16399,8665629,2021,11
2021-11-22,Manhattan,264,174884,19459,8685088,2021,11
2021-11-23,Manhattan,287,175171,21920,8707008,2021,11
2021-11-24,Manhattan,329,175500,33060,8740068,2021,11
2021-11-25,Manhattan,271,175771,25564,8765632,2021,11
2021-11-26,Manhattan,211,175982,10077,8775709,2021,11
2021-11-27,Manhattan,322,176304,19034,8794743,2021,11
2021-11-28,Manhattan,229,176533,10728,8805471,2021,11
2021-11-29,Manhattan,265,176798,16744,8822215,2021,11
2021-11-30,Manhattan,369,177167,21323,8843538,2021,11
2021-12-01,Manhattan,510,177677,31626,8875164,2021,12
2021-12-02,Manhattan,393,178070,27890,8903054,2021,12
2020-03-01,Queens,0,0,0,0,2020,3
2020-03-02,Queens,0,0,0,0,2020,3
2020-03-03,Queens,0,0,2,2,2020,3
2020-03-04,Queens,0,0,0,2,2020,3
2020-03-05,Queens,1,1,6,8,2020,3
2020-03-06,Queens,1,2,10,18,2020,3
2020-03-07,Queens,0,2,14,32,2020,3
2020-03-08,Queens,1,3,13,45,2020,3
2020-03-09,Queens,0,3,15,60,2020,3
2020-03-10,Queens,4,7,18,78,2020,3
2020-03-11,Queens,5,12,44,122,2020,3
2020-03-12,Queens,15,27,74,196,2020,3
2020-03-13,Queens,30,57,154,350,2020,3
2020-03-14,Queens,18,75,110,460,2020,3
2020-03-15,Queens,49,124,198,658,2020,3
2020-03-16,Queens,38,162,136,794,2020,3
2020-03-17,Queens,123,285,371,1165,2020,3
2020-03-18,Queens,336,621,768,1933,2020,3
2020-03-19,Queens,519,1140,1179,3112,2020,3
2020-03-20,Queens,491,1631,1218,4330,2020,3
2020-03-21,Queens,843,2474,1927,6257,2020,3
2020-03-22,Queens,1152,3626,2048,8305,2020,3
2020-03-23,Queens,839,4465,1518,9823,2020,3
2020-03-24,Queens,1010,5475,1736,11559,2020,3
2020-03-25,Queens,1238,6713,2110,13669,2020,3
2020-03-26,Queens,1324,8037,2115,15784,2020,3
2020-03-27,Queens,1238,9275,2055,17839,2020,3
2020-03-28,Queens,1136,10411,1845,19684,2020,3
2020-03-29,Queens,1258,11669,1915,21599,2020,3
2020-03-30,Queens,2022,13691,3325,24924,2020,3
2020-03-31,Queens,1211,14902,1871,26795,2020,3
2020-04-01,Queens,1366,16268,2157,28952,2020,4
2020-04-02,Queens,1899,18167,3048,32000,2020,4
2020-04-03,Queens,1947,20114,3407,35407,2020,4
2020-04-04,Queens,1322,21436,2255,37662,2020,4
2020-04-05,Queens,1697,23133,2730,40392,2020,4
2020-04-06,Queens,1707,24840,2864,43256,2020,4
2020-04-07,Queens,1408,26248,2884,46140,2020,4
2020-04-08,Queens,1504,27752,2831,48971,2020,4
2020-04-09,Queens,1551,29303,2941,51912,2020,4
2020-04-10,Queens,1988,31291,3803,55715,2020,4
2020-04-11,Queens,1544,32835,3219,58934,2020,4
2020-04-12,Queens,1150,33985,2481,61415,2020,4
2020-04-13,Queens,1068,35053,2430,63845,2020,4
2020-04-14,Queens,1712,36765,3674,67519,2020,4
2020-04-15,Queens,1153,37918,3144,70663,2020,4
2020-04-16,Queens,1173,39091,3056,73719,2020,4
2020-04-17,Queens,1125,40216,3347,77066,2020,4
2020-04-18,Queens,1021,41237,3338,80404,2020,4
2020-04-19,Queens,786,42023,2428,82832,2020,4
2020-04-20,Queens,799,42822,2498,85330,2020,4
2020-04-21,Queens,891,43713,3058,88388,2020,4
2020-04-22,Queens,1191,44904,4142,92530,2020,4
2020-04-23,Queens,1483,46387,5468,97998,2020,4
2020-04-24,Queens,1474,47861,5296,103294,2020,4
2020-04-25,Queens,884,48745,3676,106970,2020,4
2020-04-26,Queens,654,49399,2829,109799,2020,4
2020-04-27,Queens,530,49929,2628,112427,2020,4
2020-04-28,Queens,812,50741,4061,116488,2020,4
2020-04-29,Queens,890,51631,4201,120689,2020,4
2020-04-30,Queens,643,52274,3689,124378,2020,4
2020-05-01,Queens,765,53039,4517,128895,2020,5
2020-05-02,Queens,601,53640,3755,132650,2020,5
2020-05-03,Queens,450,54090,2696,135346,2020,5
2020-05-04,Queens,358,54448,2633,137979,2020,5
2020-05-05,Queens,432,54880,3591,141570,2020,5
2020-05-06,Queens,570,55450,4505,146075,2020,5
2020-05-07,Queens,494,55944,3992,150067,2020,5
2020-05-08,Queens,549,56493,4596,154663,2020,5
2020-05-09,Queens,369,56862,3416,158079,2020,5
2020-05-10,Queens,318,57180,2937,161016,2020,5
2020-05-11,Queens,211,57391,2552,163568,2020,5
2020-05-12,Queens,357,57748,3829,167397,2020,5
2020-05-13,Queens,336,58084,4439,171836,2020,5
2020-05-14,Queens,432,58516,4879,176715,2020,5
2020-05-15,Queens,325,58841,4644,181359,2020,5
2020-05-16,Queens,291,59132,4209,185568,2020,5
2020-05-17,Queens,192,59324,3226,188794,2020,5
2020-05-18,Queens,184,59508,3363,192157,2020,5
2020-05-19,Queens,244,59752,4581,196738,2020,5
2020-05-20,Queens,273,60025,5151,201889,2020,5
2020-05-21,Queens,211,60236,5181,207070,2020,5
2020-05-22,Queens,186,60422,5388,212458,2020,5
2020-05-23,Queens,214,60636,5270,217728,2020,5
2020-05-24,Queens,192,60828,4448,222176,2020,5
2020-05-25,Queens,132,60960,3789,225965,2020,5
2020-05-26,Queens,165,61125,4201,230166,2020,5
2020-05-27,Queens,275,61400,9126,239292,2020,5
2020-05-28,Queens,244,61644,8480,247772,2020,5
2020-05-29,Queens,183,61827,7088,254860,2020,5
2020-05-30,Queens,148,61975,6226,261086,2020,5
2020-05-31,Queens,119,62094,5906,266992,2020,5
2020-06-01,Queens,199,62293,7231,274223,2020,6
2020-06-02,Queens,132,62425,6319,280542,2020,6
2020-06-03,Queens,117,62542,6451,286993,2020,6
2020-06-04,Queens,150,62692,6695,293688,2020,6
2020-06-05,Queens,158,62850,7672,301360,2020,6
2020-06-06,Queens,113,62963,6497,307857,2020,6
2020-06-07,Queens,134,63097,6514,314371,2020,6
2020-06-08,Queens,97,63194,5227,319598,2020,6
2020-06-09,Queens,132,63326,7770,327368,2020,6
2020-06-10,Queens,106,63432,6796,334164,2020,6
2020-06-11,Queens,141,63573,7566,341730,2020,6
2020-06-12,Queens,154,63727,7817,349547,2020,6
2020-06-13,Queens,95,63822,6737,356284,2020,6
2020-06-14,Queens,110,63932,7488,363772,2020,6
2020-06-15,Queens,110,64042,7036,370808,2020,6
2020-06-16,Queens,134,64176,8317,379125,2020,6
2020-06-17,Queens,92,64268,8696,387821,2020,6
2020-06-18,Queens,112,64380,9082,396903,2020,6
2020-06-19,Queens,106,64486,9753,406656,2020,6
2020-06-20,Queens,135,64621,9115,415771,2020,6
2020-06-21,Queens,91,64712,8237,424008,2020,6
2020-06-22,Queens,85,64797,6537,430545,2020,6
2020-06-23,Queens,84,64881,6683,437228,2020,6
2020-06-24,Queens,106,64987,7723,444951,2020,6
2020-06-25,Queens,102,65089,6943,451894,2020,6
2020-06-26,Queens,86,65175,9718,461612,2020,6
2020-06-27,Queens,101,65276,7681,469293,2020,6
2020-06-28,Queens,49,65325,4737,474030,2020,6
2020-06-29,Queens,66,65391,5589,479619,2020,6
2020-06-30,Queens,64,65455,6065,485684,2020,6
2020-07-01,Queens,113,65568,8286,493970,2020,7
2020-07-02,Queens,137,65705,8116,502086,2020,7
2020-07-03,Queens,95,65800,7211,509297,2020,7
2020-07-04,Queens,76,65876,7211,516508,2020,7
2020-07-05,Queens,52,65928,5745,522253,2020,7
2020-07-06,Queens,96,66024,6329,528582,2020,7
2020-07-07,Queens,75,66099,6297,534879,2020,7
2020-07-08,Queens,75,66174,7104,541983,2020,7
2020-07-09,Queens,67,66241,7807,549790,2020,7
2020-07-10,Queens,82,66323,7981,557771,2020,7
2020-07-11,Queens,87,66410,6788,564559,2020,7
2020-07-12,Queens,56,66466,5880,570439,2020,7
2020-07-13,Queens,78,66544,5537,575976,2020,7
2020-07-14,Queens,99,66643,7205,583181,2020,7
2020-07-15,Queens,92,66735,8387,591568,2020,7
2020-07-16,Queens,94,66829,8943,600511,2020,7
2020-07-17,Queens,92,66921,6870,607381,2020,7
2020-07-18,Queens,86,67007,5405,612786,2020,7
2020-07-19,Queens,72,67079,5736,618522,2020,7
2020-07-20,Queens,115,67194,7288,625810,2020,7
2020-07-21,Queens,71,67265,7508,633318,2020,7
2020-07-22,Queens,109,67374,7517,640835,2020,7
2020-07-23,Queens,84,67458,8063,648898,2020,7
2020-07-24,Queens,74,67532,7012,655910,2020,7
2020-07-25,Queens,63,67595,4878,660788,2020,7
2020-07-26,Queens,84,67679,6560,667348,2020,7
2020-07-27,Queens,60,67739,5574,672922,2020,7
2020-07-28,Queens,81,67820,7112,680034,2020,7
2020-07-29,Queens,74,67894,6889,686923,2020,7
2020-07-30,Queens,74,67968,7561,694484,2020,7
2020-07-31,Queens,73,68041,9722,704206,2020,7
2020-08-01,Queens,60,68101,6641,710847,2020,8
2020-08-02,Queens,65,68166,6268,717115,2020,8
2020-08-03,Queens,59,68225,7005,724120,2020,8
2020-08-04,Queens,72,68297,7698,731818,2020,8
2020-08-05,Queens,71,68368,7812,739630,2020,8
2020-08-06,Queens,84,68452,7539,747169,2020,8
2020-08-07,Queens,96,68548,9235,756404,2020,8
2020-08-08,Queens,56,68604,7162,763566,2020,8
2020-08-09,Queens,66,68670,6807,770373,2020,8
2020-08-10,Queens,63,68733,7556,777929,2020,8
2020-08-11,Queens,96,68829,11290,789219,2020,8
2020-08-12,Queens,96,68925,10584,799803,2020,8
2020-08-13,Queens,98,69023,9426,809229,2020,8
2020-08-14,Queens,75,69098,9481,818710,2020,8
2020-08-15,Queens,76,69174,8964,827674,2020,8
2020-08-16,Queens,71,69245,6531,834205,2020,8
2020-08-17,Queens,63,69308,7562,841767,2020,8
2020-08-18,Queens,76,69384,8697,850464,2020,8
2020-08-19,Queens,67,69451,7919,858383,2020,8
2020-08-20,Queens,87,69538,9593,867976,2020,8
2020-08-21,Queens,85,69623,9862,877838,2020,8
2020-08-22,Queens,71,69694,8018,885856,2020,8
2020-08-23,Queens,51,69745,6730,892586,2020,8
2020-08-24,Queens,60,69805,7615,900201,2020,8
2020-08-25,Queens,65,69870,7377,907578,2020,8
2020-08-26,Queens,90,69960,9322,916900,2020,8
2020-08-27,Queens,74,70034,10803,927703,2020,8
2020-08-28,Queens,64,70098,9345,937048,2020,8
2020-08-29,Queens,64,70162,9956,947004,2020,8
2020-08-30,Queens,60,70222,7758,954762,2020,8
2020-08-31,Queens,66,70288,7895,962657,2020,8
2020-09-01,Queens,56,70344,8305,970962,2020,9
2020-09-02,Queens,69,70413,8540,979502,2020,9
2020-09-03,Queens,83,70496,10286,989788,2020,9
2020-09-04,Queens,53,70549,9134,998922,2020,9
2020-09-05,Queens,76,70625,10158,1009080,2020,9
2020-09-06,Queens,50,70675,6321,1015401,2020,9
2020-09-07,Queens,91,70766,6495,1021896,2020,9
2020-09-08,Queens,58,70824,7078,1028974,2020,9
2020-09-09,Queens,93,70917,8086,1037060,2020,9
2020-09-10,Queens,61,70978,8437,1045497,2020,9
2020-09-11,Queens,62,71040,10532,1056029,2020,9
2020-09-12,Queens,71,71111,7349,1063378,2020,9
2020-09-13,Queens,69,71180,6247,1069625,2020,9
2020-09-14,Queens,74,71254,6868,1076493,2020,9
2020-09-15,Queens,55,71309,6732,1083225,2020,9
2020-09-16,Queens,83,71392,8034,1091259,2020,9
2020-09-17,Queens,82,71474,9319,1100578,2020,9
2020-09-18,Queens,103,71577,12199,1112777,2020,9
2020-09-19,Queens,105,71682,11181,1123958,2020,9
2020-09-20,Queens,70,71752,6174,1130132,2020,9
2020-09-21,Queens,66,71818,8528,1138660,2020,9
2020-09-22,Queens,63,71881,5881,1144541,2020,9
2020-09-23,Queens,97,71978,9524,1154065,2020,9
2020-09-24,Queens,73,72051,9253,1163318,2020,9
2020-09-25,Queens,91,72142,9255,1172573,2020,9
2020-09-26,Queens,91,72233,7316,1179889,2020,9
2020-09-27,Queens,90,72323,5591,1185480,2020,9
2020-09-28,Queens,142,72465,9734,1195214,2020,9
2020-09-29,Queens,91,72556,7756,1202970,2020,9
2020-09-30,Queens,136,72692,10673,1213643,2020,9
2020-10-01,Queens,171,72863,9883,1223526,2020,10
2020-10-02,Queens,149,73012,12449,1235975,2020,10
2020-10-03,Queens,119,73131,8946,1244921,2020,10
2020-10-04,Queens,114,73245,6926,1251847,2020,10
2020-10-05,Queens,138,73383,10477,1262324,2020,10
2020-10-06,Queens,154,73537,9125,1271449,2020,10
2020-10-07,Queens,205,73742,16090,1287539,2020,10
2020-10-08,Queens,147,73889,12861,1300400,2020,10
2020-10-09,Queens,140,74029,11706,1312106,2020,10
2020-10-10,Queens,121,74150,10479,1322585,2020,10
2020-10-11,Queens,115,74265,8192,1330777,2020,10
2020-10-12,Queens,139,74404,10358,1341135,2020,10
2020-10-13,Queens,106,74510,9123,1350258,2020,10
2020-10-14,Queens,122,74632,12286,1362544,2020,10
2020-10-15,Queens,166,74798,14007,1376551,2020,10
2020-10-16,Queens,200,74998,15397,1391948,2020,10
2020-10-17,Queens,111,75109,12025,1403973,2020,10
2020-10-18,Queens,127,75236,7700,1411673,2020,10
2020-10-19,Queens,108,75344,7980,1419653,2020,10
2020-10-20,Queens,199,75543,11487,1431140,2020,10
2020-10-21,Queens,155,75698,11723,1442863,2020,10
2020-10-22,Queens,155,75853,14182,1457045,2020,10
2020-10-23,Queens,204,76057,14656,1471701,2020,10
2020-10-24,Queens,163,76220,11488,1483189,2020,10
2020-10-25,Queens,96,76316,7857,1491046,2020,10
2020-10-26,Queens,207,76523,9832,1500878,2020,10
2020-10-27,Queens,173,76696,11638,1512516,2020,10
2020-10-28,Queens,284,76980,16839,1529355,2020,10
2020-10-29,Queens,233,77213,14012,1543367,2020,10
2020-10-30,Queens,194,77407,12985,1556352,2020,10
2020-10-31,Queens,242,77649,14087,1570439,2020,10
2020-11-01,Queens,185,77834,10316,1580755,2020,11
2020-11-02,Queens,179,78013,11616,1592371,2020,11
2020-11-03,Queens,174,78187,14754,1607125,2020,11
2020-11-04,Queens,253,78440,16122,1623247,2020,11
2020-11-05,Queens,297,78737,15147,1638394,2020,11
2020-11-06,Queens,306,79043,14315,1652709,2020,11
2020-11-07,Queens,361,79404,15509,1668218,2020,11
2020-11-08,Queens,298,79702,10970,1679188,2020,11
2020-11-09,Queens,338,80040,10461,1689649,2020,11
2020-11-10,Queens,515,80555,15355,1705004,2020,11
2020-11-11,Queens,454,81009,16285,1721289,2020,11
2020-11-12,Queens,477,81486,17329,1738618,2020,11
2020-11-13,Queens,485,81971,16970,1755588,2020,11
2020-11-14,Queens,385,82356,15490,1771078,2020,11
2020-11-15,Queens,419,82775,12697,1783775,2020,11
2020-11-16,Queens,536,83311,17353,1801128,2020,11
2020-11-17,Queens,498,83809,14949,1816077,2020,11
2020-11-18,Queens,460,84269,18566,1834643,2020,11
2020-11-19,Queens,574,84843,21159,1855802,2020,11
2020-11-20,Queens,441,85284,18628,1874430,2020,11
2020-11-21,Queens,493,85777,16852,1891282,2020,11
2020-11-22,Queens,469,86246,15986,1907268,2020,11
2020-11-23,Queens,438,86684,16910,1924178,2020,11
2020-11-24,Queens,511,87195,16927,1941105,2020,11
2020-11-25,Queens,623,87818,20404,1961509,2020,11
2020-11-26,Queens,678,88496,20783,1982292,2020,11
2020-11-27,Queens,551,89047,17863,2000155,2020,11
2020-11-28,Queens,634,89681,18133,2018288,2020,11
2020-11-29,Queens,717,90398,17118,2035406,2020,11
2020-11-30,Queens,658,91056,16265,2051671,2020,11
2020-12-01,Queens,899,91955,17244,2068915,2020,12
2020-12-02,Queens,858,92813,19919,2088834,2020,12
2020-12-03,Queens,910,93723,19388,2108222,2020,12
2020-12-04,Queens,861,94584,19894,2128116,2020,12
2020-12-05,Queens,862,95446,20438,2148554,2020,12
2020-12-06,Queens,821,96267,16095,2164649,2020,12
2020-12-07,Queens,880,97147,19098,2183747,2020,12
2020-12-08,Queens,1147,98294,24140,2207887,2020,12
2020-12-09,Queens,1022,99316,21862,2229749,2020,12
2020-12-10,Queens,949,100265,21229,2250978,2020,12
2020-12-11,Queens,1184,101449,29157,2280135,2020,12
2020-12-12,Queens,1061,102510,23023,2303158,2020,12
2020-12-13,Queens,925,103435,16524,2319682,2020,12
2020-12-14,Queens,1233,104668,25250,2344932,2020,12
2020-12-15,Queens,1072,105740,18899,2363831,2020,12
2020-12-16,Queens,1024,106764,20800,2384631,2020,12
2020-12-17,Queens,1348,108112,31220,2415851,2020,12
2020-12-18,Queens,944,109056,22599,2438450,2020,12
2020-12-19,Queens,927,109983,19593,2458043,2020,12
2020-12-20,Queens,938,110921,16566,2474609,2020,12
2020-12-21,Queens,983,111904,16925,2491534,2020,12
2020-12-22,Queens,1310,113214,23417,2514951,2020,12
2020-12-23,Queens,1366,114580,24341,2539292,2020,12
2020-12-24,Queens,1180,115760,22318,2561610,2020,12
2020-12-25,Queens,1175,116935,23528,2585138,2020,12
2020-12-26,Queens,906,117841,15330,2600468,2020,12
2020-12-27,Queens,1115,118956,15666,2616134,2020,12
2020-12-28,Queens,1421,120377,20710,2636844,2020,12
2020-12-29,Queens,1404,121781,17083,2653927,2020,12
2020-12-30,Queens,1752,123533,22025,2675952,2020,12
2020-12-31,Queens,1574,125107,22581,2698533,2020,12
2021-01-01,Queens,1506,126613,22553,2721086,2021,1
2021-01-02,Queens,1130,127743,17515,2738601,2021,1
2021-01-03,Queens,1196,128939,15757,2754358,2021,1
2021-01-04,Queens,1422,130361,17676,2772034,2021,1
2021-01-05,Queens,1713,132074,22346,2794380,2021,1
2021-01-06,Queens,1819,133893,25632,2820012,2021,1
2021-01-07,Queens,1835,135728,26072,2846084,2021,1
2021-01-08,Queens,1840,137568,28361,2874445,2021,1
2021-01-09,Queens,1549,139117,26580,2901025,2021,1
2021-01-10,Queens,1537,140654,25001,2926026,2021,1
2021-01-11,Queens,1830,142484,23615,2949641,2021,1
2021-01-12,Queens,1742,144226,23892,2973533,2021,1
2021-01-13,Queens,1537,145763,25256,2998789,2021,1
2021-01-14,Queens,2265,148028,37559,3036348,2021,1
2021-01-15,Queens,1788,149816,32470,3068818,2021,1
2021-01-16,Queens,1684,151500,29938,3098756,2021,1
2021-01-17,Queens,1519,153019,24078,3122834,2021,1
2021-01-18,Queens,1669,154688,25044,3147878,2021,1
2021-01-19,Queens,2722,157410,33457,3181335,2021,1
2021-01-20,Queens,1455,158865,23754,3205089,2021,1
2021-01-21,Queens,1798,160663,30448,3235537,2021,1
2021-01-22,Queens,1792,162455,31137,3266674,2021,1
2021-01-23,Queens,1764,164219,32177,3298851,2021,1
2021-01-24,Queens,1591,165810,32393,3331244,2021,1
2021-01-25,Queens,1532,167342,20091,3351335,2021,1
2021-01-26,Queens,1442,168784,23996,3375331,2021,1
2021-01-27,Queens,1770,170554,30534,3405865,2021,1
2021-01-28,Queens,1632,172186,30558,3436423,2021,1
2021-01-29,Queens,1810,173996,32427,3468850,2021,1
2021-01-30,Queens,1390,175386,30703,3499553,2021,1
2021-01-31,Queens,1198,176584,24549,3524102,2021,1
2021-02-01,Queens,1263,177847,19928,3544030,2021,2
2021-02-02,Queens,725,178572,13885,3557915,2021,2
2021-02-03,Queens,777,179349,15200,3573115,2021,2
2021-02-04,Queens,1051,180400,19311,3592426,2021,2
2021-02-05,Queens,1584,181984,28264,3620690,2021,2
2021-02-06,Queens,1433,183417,27829,3648519,2021,2
2021-02-07,Queens,1306,184723,26167,3674686,2021,2
2021-02-08,Queens,1259,185982,20671,3695357,2021,2
2021-02-09,Queens,834,186816,16939,3712296,2021,2
2021-02-10,Queens,1339,188155,30426,3742722,2021,2
2021-02-11,Queens,1200,189355,26675,3769397,2021,2
2021-02-12,Queens,1200,190555,27284,3796681,2021,2
2021-02-13,Queens,1198,191753,27311,3823992,2021,2
2021-02-14,Queens,1044,192797,21102,3845094,2021,2
2021-02-15,Queens,1132,193929,19612,3864706,2021,2
2021-02-16,Queens,886,194815,15540,3880246,2021,2
2021-02-17,Queens,1000,195815,23426,3903672,2021,2
2021-02-18,Queens,1313,197128,26336,3930008,2021,2
2021-02-19,Queens,1133,198261,24943,3954951,2021,2
2021-02-20,Queens,953,199214,18857,3973808,2021,2
2021-02-21,Queens,1000,200214,18488,3992296,2021,2
2021-02-22,Queens,1060,201274,17997,4010293,2021,2
2021-02-23,Queens,898,202172,21579,4031872,2021,2
2021-02-24,Queens,1109,203281,27899,4059771,2021,2
2021-02-25,Queens,1111,204392,27222,4086993,2021,2
2021-02-26,Queens,1264,205656,32536,4119529,2021,2
2021-02-27,Queens,1068,206724,27767,4147296,2021,2
2021-02-28,Queens,1021,207745,23296,4170592,2021,2
2021-03-01,Queens,911,208656,15304,4185896,2021,3
2021-03-02,Queens,1167,209823,24055,4209951,2021,3
2021-03-03,Queens,1148,210971,28299,4238250,2021,3
2021-03-04,Queens,1300,212271,35818,4274068,2021,3
2021-03-05,Queens,1014,213285,27588,4301656,2021,3
2021-03-06,Queens,1020,214305,23391,4325047,2021,3
2021-03-07,Queens,877,215182,17996,4343043,2021,3
2021-03-08,Queens,1171,216353,23638,4366681,2021,3
2021-03-09,Queens,971,217324,20030,4386711,2021,3
2021-03-10,Queens,979,218303,24575,4411286,2021,3
2021-03-11,Queens,1404,219707,31029,4442315,2021,3
2021-03-12,Queens,977,220684,22629,4464944,2021,3
2021-03-13,Queens,1036,221720,19954,4484898,2021,3
2021-03-14,Queens,961,222681,16534,4501432,2021,3
2021-03-15,Queens,1102,223783,16165,4517597,2021,3
2021-03-16,Queens,1506,225289,35602,4553199,2021,3
2021-03-17,Queens,1201,226490,28224,4581423,2021,3
2021-03-18,Queens,1396,227886,29638,4611061,2021,3
2021-03-19,Queens,1098,228984,26665,4637726,2021,3
2021-03-20,Queens,1211,230195,26692,4664418,2021,3
2021-03-21,Queens,1217,231412,19779,4684197,2021,3
2021-03-22,Queens,1041,232453,16199,4700396,2021,3
2021-03-23,Queens,1097,233550,21525,4721921,2021,3
2021-03-24,Queens,1182,234732,27841,4749762,2021,3
2021-03-25,Queens,1276,236008,28073,4777835,2021,3
2021-03-26,Queens,1167,237175,25326,4803161,2021,3
2021-03-27,Queens,1661,238836,31827,4834988,2021,3
2021-03-28,Queens,1210,240046,25140,4860128,2021,3
2021-03-29,Queens,865,240911,15666,4875794,2021,3
2021-03-30,Queens,1273,242184,22926,4898720,2021,3
2021-03-31,Queens,1235,243419,25091,4923811,2021,3
2021-04-01,Queens,1111,244530,25668,4949479,2021,4
2021-04-02,Queens,1064,245594,23145,4972624,2021,4
2021-04-03,Queens,1061,246655,24049,4996673,2021,4
2021-04-04,Queens,1024,247679,19204,5015877,2021,4
2021-04-05,Queens,853,248532,16372,5032249,2021,4
2021-04-06,Queens,982,249514,22402,5054651,2021,4
2021-04-07,Queens,1150,250664,30131,5084782,2021,4
2021-04-08,Queens,1260,251924,32304,5117086,2021,4
2021-04-09,Queens,927,252851,28586,5145672,2021,4
2021-04-10,Queens,934,253785,25301,5170973,2021,4
2021-04-11,Queens,691,254476,17923,5188896,2021,4
2021-04-12,Queens,756,255232,13640,5202536,2021,4
2021-04-13,Queens,744,255976,21264,5223800,2021,4
2021-04-14,Queens,849,256825,24861,5248661,2021,4
2021-04-15,Queens,913,257738,29158,5277819,2021,4
2021-04-16,Queens,1123,258861,37299,5315118,2021,4
2021-04-17,Queens,770,259631,25486,5340604,2021,4
2021-04-18,Queens,656,260287,18976,5359580,2021,4
2021-04-19,Queens,512,260799,12992,5372572,2021,4
2021-04-20,Queens,591,261390,20194,5392766,2021,4
2021-04-21,Queens,623,262013,27106,5419872,2021,4
2021-04-22,Queens,551,262564,25515,5445387,2021,4
2021-04-23,Queens,497,263061,24959,5470346,2021,4
2021-04-24,Queens,511,263572,25135,5495481,2021,4
2021-04-25,Queens,430,264002,17981,5513462,2021,4
2021-04-26,Queens,321,264323,11400,5524862,2021,4
2021-04-27,Queens,363,264686,17628,5542490,2021,4
2021-04-28,Queens,419,265105,26180,5568670,2021,4
2021-04-29,Queens,470,265575,26053,5594723,2021,4
2021-04-30,Queens,396,265971,25485,5620208,2021,4
2021-05-01,Queens,344,266315,20996,5641204,2021,5
2021-05-02,Queens,283,266598,16235,5657439,2021,5
2021-05-03,Queens,238,266836,10481,5667920,2021,5
2021-05-04,Queens,285,267121,19763,5687683,2021,5
2021-05-05,Queens,293,267414,21807,5709490,2021,5
2021-05-06,Queens,238,267652,22261,5731751,2021,5
2021-05-07,Queens,330,267982,26508,5758259,2021,5
2021-05-08,Queens,242,268224,20755,5779014,2021,5
2021-05-09,Queens,199,268423,15455,5794469,2021,5
2021-05-10,Queens,195,268618,10202,5804671,2021,5
2021-05-11,Queens,179,268797,17662,5822333,2021,5
2021-05-12,Queens,242,269039,24020,5846353,2021,5
2021-05-13,Queens,216,269255,25171,5871524,2021,5
2021-05-14,Queens,196,269451,21917,5893441,2021,5
2021-05-15,Queens,183,269634,18486,5911927,2021,5
2021-05-16,Queens,153,269787,15175,5927102,2021,5
2021-05-17,Queens,136,269923,11201,5938303,2021,5
2021-05-18,Queens,124,270047,16567,5954870,2021,5
2021-05-19,Queens,139,270186,21970,5976840,2021,5
2021-05-20,Queens,143,270329,21166,5998006,2021,5
2021-05-21,Queens,131,270460,21559,6019565,2021,5
2021-05-22,Queens,118,270578,18665,6038230,2021,5
2021-05-23,Queens,91,270669,13339,6051569,2021,5
2021-05-24,Queens,98,270767,9429,6060998,2021,5
2021-05-25,Queens,96,270863,15851,6076849,2021,5
2021-05-26,Queens,122,270985,21471,6098320,2021,5
2021-05-27,Queens,98,271083,20195,6118515,2021,5
2021-05-28,Queens,102,271185,19189,6137704,2021,5
2021-05-29,Queens,62,271247,17158,6154862,2021,5
2021-05-30,Queens,70,271317,11629,6166491,2021,5
2021-05-31,Queens,38,271355,6837,6173328,2021,5
2021-06-01,Queens,50,271405,7868,6181196,2021,6
2021-06-02,Queens,77,271482,15266,6196462,2021,6
2021-06-03,Queens,85,271567,24476,6220938,2021,6
2021-06-04,Queens,71,271638,18335,6239273,2021,6
2021-06-05,Queens,57,271695,14838,6254111,2021,6
2021-06-06,Queens,39,271734,11369,6265480,2021,6
2021-06-07,Queens,55,271789,8288,6273768,2021,6
2021-06-08,Queens,50,271839,14403,6288171,2021,6
2021-06-09,Queens,67,271906,18631,6306802,2021,6
2021-06-10,Queens,40,271946,16572,6323374,2021,6
2021-06-11,Queens,55,272001,18414,6341788,2021,6
2021-06-12,Queens,53,272054,17110,6358898,2021,6
2021-06-13,Queens,36,272090,11870,6370768,2021,6
2021-06-14,Queens,53,272143,6988,6377756,2021,6
2021-06-15,Queens,43,272186,13131,6390887,2021,6
2021-06-16,Queens,59,272245,16663,6407550,2021,6
2021-06-17,Queens,44,272289,15267,6422817,2021,6
2021-06-18,Queens,75,272364,15707,6438524,2021,6
2021-06-19,Queens,28,272392,14566,6453090,2021,6
2021-06-20,Queens,39,272431,10174,6463264,2021,6
2021-06-21,Queens,34,272465,7974,6471238,2021,6
2021-06-22,Queens,50,272515,12554,6483792,2021,6
2021-06-23,Queens,48,272563,17091,6500883,2021,6
2021-06-24,Queens,61,272624,13700,6514583,2021,6
2021-06-25,Queens,51,272675,11931,6526514,2021,6
2021-06-26,Queens,50,272725,11239,6537753,2021,6
2021-06-27,Queens,43,272768,7641,6545394,2021,6
2021-06-28,Queens,38,272806,7272,6552666,2021,6
2021-06-29,Queens,50,272856,10059,6562725,2021,6
2021-06-30,Queens,71,272927,10543,6573268,2021,6
2021-07-01,Queens,44,272971,9728,6582996,2021,7
2021-07-02,Queens,67,273038,9928,6592924,2021,7
2021-07-03,Queens,61,273099,9482,6602406,2021,7
2021-07-04,Queens,54,273153,7477,6609883,2021,7
2021-07-05,Queens,44,273197,5258,6615141,2021,7
2021-07-06,Queens,89,273286,8343,6623484,2021,7
2021-07-07,Queens,124,273410,16043,6639527,2021,7
2021-07-08,Queens,105,273515,11884,6651411,2021,7
2021-07-09,Queens,106,273621,10514,6661925,2021,7
2021-07-10,Queens,109,273730,9244,6671169,2021,7
2021-07-11,Queens,74,273804,7643,6678812,2021,7
2021-07-12,Queens,122,273926,7922,6686734,2021,7
2021-07-13,Queens,116,274042,10339,6697073,2021,7
2021-07-14,Queens,130,274172,11802,6708875,2021,7
2021-07-15,Queens,132,274304,10406,6719281,2021,7
2021-07-16,Queens,149,274453,11490,6730771,2021,7
2021-07-17,Queens,125,274578,9948,6740719,2021,7
2021-07-18,Queens,101,274679,8428,6749147,2021,7
2021-07-19,Queens,173,274852,9961,6759108,2021,7
2021-07-20,Queens,202,275054,11584,6770692,2021,7
2021-07-21,Queens,198,275252,12223,6782915,2021,7
2021-07-22,Queens,242,275494,13927,6796842,2021,7
2021-07-23,Queens,217,275711,13246,6810088,2021,7
2021-07-24,Queens,252,275963,12476,6822564,2021,7
2021-07-25,Queens,165,276128,8995,6831559,2021,7
2021-07-26,Queens,221,276349,10179,6841738,2021,7
2021-07-27,Queens,282,276631,13002,6854740,2021,7
2021-07-28,Queens,289,276920,14808,6869548,2021,7
2021-07-29,Queens,375,277295,15186,6884734,2021,7
2021-07-30,Queens,388,277683,16174,6900908,2021,7
2021-07-31,Queens,297,277980,12933,6913841,2021,7
2021-08-01,Queens,295,278275,10691,6924532,2021,8
2021-08-02,Queens,367,278642,11669,6936201,2021,8
2021-08-03,Queens,401,279043,16473,6952674,2021,8
2021-08-04,Queens,445,279488,18664,6971338,2021,8
2021-08-05,Queens,480,279968,18978,6990316,2021,8
2021-08-06,Queens,486,280454,18368,7008684,2021,8
2021-08-07,Queens,406,280860,15244,7023928,2021,8
2021-08-08,Queens,499,281359,17978,7041906,2021,8
2021-08-09,Queens,389,281748,13189,7055095,2021,8
2021-08-10,Queens,520,282268,17718,7072813,2021,8
2021-08-11,Queens,543,282811,20597,7093410,2021,8
2021-08-12,Queens,547,283358,19271,7112681,2021,8
2021-08-13,Queens,552,283910,21873,7134554,2021,8
2021-08-14,Queens,469,284379,17861,7152415,2021,8
2021-08-15,Queens,385,284764,13637,7166052,2021,8
2021-08-16,Queens,400,285164,11476,7177528,2021,8
2021-08-17,Queens,503,285667,19264,7196792,2021,8
2021-08-18,Queens,586,286253,23416,7220208,2021,8
2021-08-19,Queens,516,286769,19613,7239821,2021,8
2021-08-20,Queens,526,287295,20523,7260344,2021,8
2021-08-21,Queens,427,287722,18261,7278605,2021,8
2021-08-22,Queens,345,288067,14394,7292999,2021,8
2021-08-23,Queens,322,288389,13507,7306506,2021,8
2021-08-24,Queens,444,288833,16645,7323151,2021,8
2021-08-25,Queens,524,289357,19591,7342742,2021,8
2021-08-26,Queens,482,289839,19507,7362249,2021,8
2021-08-27,Queens,463,290302,19690,7381939,2021,8
2021-08-28,Queens,357,290659,16246,7398185,2021,8
2021-08-29,Queens,373,291032,14531,7412716,2021,8
2021-08-30,Queens,335,291367,12193,7424909,2021,8
2021-08-31,Queens,429,291796,17440,7442349,2021,8
2021-09-01,Queens,368,292164,18267,7460616,2021,9
2021-09-02,Queens,470,292634,20915,7481531,2021,9
2021-09-03,Queens,321,292955,15436,7496967,2021,9
2021-09-04,Queens,383,293338,16675,7513642,2021,9
2021-09-05,Queens,289,293627,11340,7524982,2021,9
2021-09-06,Queens,322,293949,10778,7535760,2021,9
2021-09-07,Queens,318,294267,12280,7548040,2021,9
2021-09-08,Queens,450,294717,19927,7567967,2021,9
2021-09-09,Queens,473,295190,21352,7589319,2021,9
2021-09-10,Queens,498,295688,24165,7613484,2021,9
2021-09-11,Queens,404,296092,19794,7633278,2021,9
2021-09-12,Queens,336,296428,14023,7647301,2021,9
2021-09-13,Queens,392,296820,14725,7662026,2021,9
2021-09-14,Queens,392,297212,17782,7679808,2021,9
2021-09-15,Queens,395,297607,19243,7699051,2021,9
2021-09-16,Queens,457,298064,23937,7722988,2021,9
2021-09-17,Queens,516,298580,24321,7747309,2021,9
2021-09-18,Queens,417,298997,20171,7767480,2021,9
2021-09-19,Queens,320,299317,16892,7784372,2021,9
2021-09-20,Queens,423,299740,18361,7802733,2021,9
2021-09-21,Queens,384,300124,21047,7823780,2021,9
2021-09-22,Queens,391,300515,22712,7846492,2021,9
2021-09-23,Queens,383,300898,24788,7871280,2021,9
2021-09-24,Queens,335,301233,23914,7895194,2021,9
2021-09-25,Queens,346,301579,22790,7917984,2021,9
2021-09-26,Queens,325,301904,17289,7935273,2021,9
2021-09-27,Queens,298,302202,17279,7952552,2021,9
2021-09-28,Queens,298,302500,21865,7974417,2021,9
2021-09-29,Queens,318,302818,26445,8000862,2021,9
2021-09-30,Queens,332,303150,25892,8026754,2021,9
2021-10-01,Queens,287,303437,25000,8051754,2021,10
2021-10-02,Queens,281,303718,25279,8077033,2021,10
2021-10-03,Queens,214,303932,16133,8093166,2021,10
2021-10-04,Queens,260,304192,19010,8112176,2021,10
2021-10-05,Queens,333,304525,21405,8133581,2021,10
2021-10-06,Queens,348,304873,25523,8159104,2021,10
2021-10-07,Queens,308,305181,24752,8183856,2021,10
2021-10-08,Queens,269,305450,26672,8210528,2021,10
2021-10-09,Queens,173,305623,10861,8221389,2021,10
2021-10-10,Queens,303,305926,28372,8249761,2021,10
2021-10-11,Queens,247,306173,15168,8264929,2021,10
2021-10-12,Queens,221,306394,15166,8280095,2021,10
2021-10-13,Queens,223,306617,19352,8299447,2021,10
2021-10-14,Queens,315,306932,25817,8325264,2021,10
2021-10-15,Queens,229,307161,23972,8349236,2021,10
2021-10-16,Queens,233,307394,23456,8372692,2021,10
2021-10-17,Queens,173,307567,14223,8386915,2021,10
2021-10-18,Queens,243,307810,14935,8401850,2021,10
2021-10-19,Queens,208,308018,20652,8422502,2021,10
2021-10-20,Queens,220,308238,24621,8447123,2021,10
2021-10-21,Queens,189,308427,21147,8468270,2021,10
2021-10-22,Queens,199,308626,21102,8489372,2021,10
2021-10-23,Queens,150,308776,19586,8508958,2021,10
2021-10-24,Queens,147,308923,14835,8523793,2021,10
2021-10-25,Queens,147,309070,12470,8536263,2021,10
2021-10-26,Queens,151,309221,16437,8552700,2021,10
2021-10-27,Queens,213,309434,23701,8576401,2021,10
2021-10-28,Queens,161,309595,21289,8597690,2021,10
2021-10-29,Queens,186,309781,21147,8618837,2021,10
2021-10-30,Queens,180,309961,18592,8637429,2021,10
2021-10-31,Queens,131,310092,11825,8649254,2021,10
2021-11-01,Queens,143,310235,10872,8660126,2021,11
2021-11-02,Queens,190,310425,16287,8676413,2021,11
2021-11-03,Queens,230,310655,18715,8695128,2021,11
2021-11-04,Queens,222,310877,18309,8713437,2021,11
2021-11-05,Queens,221,311098,21128,8734565,2021,11
2021-11-06,Queens,195,311293,17357,8751922,2021,11
2021-11-07,Queens,173,311466,13653,8765575,2021,11
2021-11-08,Queens,224,311690,12271,8777846,2021,11
2021-11-09,Queens,207,311897,15798,8793644,2021,11
2021-11-10,Queens,295,312192,21113,8814757,2021,11
2021-11-11,Queens,279,312471,22778,8837535,2021,11
2021-11-12,Queens,368,312839,20556,8858091,2021,11
2021-11-13,Queens,195,313034,14313,8872404,2021,11
2021-11-14,Queens,260,313294,14834,8887238,2021,11
2021-11-15,Queens,235,313529,10396,8897634,2021,11
2021-11-16,Queens,261,313790,15925,8913559,2021,11
2021-11-17,Queens,390,314180,19923,8933482,2021,11
2021-11-18,Queens,377,314557,20605,8954087,2021,11
2021-11-19,Queens,414,314971,18834,8972921,2021,11
2021-11-20,Queens,345,315316,20185,8993106,2021,11
2021-11-21,Queens,367,315683,14441,9007547,2021,11
2021-11-22,Queens,331,316014,12484,9020031,2021,11
2021-11-23,Queens,426,316440,18748,9038779,2021,11
2021-11-24,Queens,450,316890,21878,9060657,2021,11
2021-11-25,Queens,353,317243,20519,9081176,2021,11
2021-11-26,Queens,265,317508,10213,9091389,2021,11
2021-11-27,Queens,492,318000,16516,9107905,2021,11
2021-11-28,Queens,388,318388,12171,9120076,2021,11
2021-11-29,Queens,424,318812,12187,9132263,2021,11
2021-11-30,Queens,523,319335,18272,9150535,2021,11
2021-12-01,Queens,613,319948,23215,9173750,2021,12
2021-12-02,Queens,715,320663,23561,9197311,2021,12
2020-03-01,Staten,0,0,0,0,2020,3
2020-03-02,Staten,0,0,0,0,2020,3
2020-03-03,Staten,0,0,0,0,2020,3
2020-03-04,Staten,0,0,0,0,2020,3
2020-03-05,Staten,0,0,0,0,2020,3
2020-03-06,Staten,0,0,3,3,2020,3
2020-03-07,Staten,0,0,2,5,2020,3
2020-03-08,Staten,0,0,0,5,2020,3
2020-03-09,Staten,0,0,6,11,2020,3
2020-03-10,Staten,1,1,5,16,2020,3
2020-03-11,Staten,1,2,5,21,2020,3
2020-03-12,Staten,4,6,16,37,2020,3
2020-03-13,Staten,5,11,34,71,2020,3
2020-03-14,Staten,3,14,29,100,2020,3
2020-03-15,Staten,6,20,27,127,2020,3
2020-03-16,Staten,11,31,35,162,2020,3
2020-03-17,Staten,26,57,61,223,2020,3
2020-03-18,Staten,33,90,110,333,2020,3
2020-03-19,Staten,116,206,272,605,2020,3
2020-03-20,Staten,109,315,334,939,2020,3
2020-03-21,Staten,207,522,645,1584,2020,3
2020-03-22,Staten,193,715,417,2001,2020,3
2020-03-23,Staten,200,915,487,2488,2020,3
2020-03-24,Staten,110,1025,223,2711,2020,3
2020-03-25,Staten,164,1189,293,3004,2020,3
2020-03-26,Staten,223,1412,413,3417,2020,3
2020-03-27,Staten,415,1827,847,4264,2020,3
2020-03-28,Staten,402,2229,878,5142,2020,3
2020-03-29,Staten,336,2565,711,5853,2020,3
2020-03-30,Staten,324,2889,691,6544,2020,3
2020-03-31,Staten,299,3188,616,7160,2020,3
2020-04-01,Staten,279,3467,559,7719,2020,4
2020-04-02,Staten,287,3754,563,8282,2020,4
2020-04-03,Staten,319,4073,679,8961,2020,4
2020-04-04,Staten,218,4291,513,9474,2020,4
2020-04-05,Staten,288,4579,600,10074,2020,4
2020-04-06,Staten,218,4797,605,10679,2020,4
2020-04-07,Staten,546,5343,1262,11941,2020,4
2020-04-08,Staten,641,5984,1528,13469,2020,4
2020-04-09,Staten,500,6484,1212,14681,2020,4
2020-04-10,Staten,376,6860,807,15488,2020,4
2020-04-11,Staten,456,7316,1030,16518,2020,4
2020-04-12,Staten,352,7668,887,17405,2020,4
2020-04-13,Staten,292,7960,725,18130,2020,4
2020-04-14,Staten,338,8298,743,18873,2020,4
2020-04-15,Staten,386,8684,1184,20057,2020,4
2020-04-16,Staten,347,9031,1084,21141,2020,4
2020-04-17,Staten,302,9333,1106,22247,2020,4
2020-04-18,Staten,341,9674,1288,23535,2020,4
2020-04-19,Staten,239,9913,874,24409,2020,4
2020-04-20,Staten,208,10121,882,25291,2020,4
2020-04-21,Staten,224,10345,998,26289,2020,4
2020-04-22,Staten,245,10590,1031,27320,2020,4
2020-04-23,Staten,293,10883,1272,28592,2020,4
2020-04-24,Staten,246,11129,1011,29603,2020,4
2020-04-25,Staten,154,11283,882,30485,2020,4
2020-04-26,Staten,140,11423,658,31143,2020,4
2020-04-27,Staten,93,11516,567,31710,2020,4
2020-04-28,Staten,144,11660,935,32645,2020,4
2020-04-29,Staten,151,11811,841,33486,2020,4
2020-04-30,Staten,126,11937,849,34335,2020,4
2020-05-01,Staten,157,12094,918,35253,2020,5
2020-05-02,Staten,101,12195,729,35982,2020,5
2020-05-03,Staten,60,12255,549,36531,2020,5
2020-05-04,Staten,62,12317,573,37104,2020,5
2020-05-05,Staten,84,12401,702,37806,2020,5
2020-05-06,Staten,105,12506,828,38634,2020,5
2020-05-07,Staten,72,12578,672,39306,2020,5
2020-05-08,Staten,72,12650,832,40138,2020,5
2020-05-09,Staten,52,12702,717,40855,2020,5
2020-05-10,Staten,45,12747,493,41348,2020,5
2020-05-11,Staten,22,12769,517,41865,2020,5
2020-05-12,Staten,41,12810,806,42671,2020,5
2020-05-13,Staten,51,12861,869,43540,2020,5
2020-05-14,Staten,48,12909,812,44352,2020,5
2020-05-15,Staten,65,12974,843,45195,2020,5
2020-05-16,Staten,37,13011,713,45908,2020,5
2020-05-17,Staten,36,13047,571,46479,2020,5
2020-05-18,Staten,22,13069,621,47100,2020,5
2020-05-19,Staten,31,13100,751,47851,2020,5
2020-05-20,Staten,40,13140,908,48759,2020,5
2020-05-21,Staten,31,13171,877,49636,2020,5
2020-05-22,Staten,44,13215,1232,50868,2020,5
2020-05-23,Staten,51,13266,1120,51988,2020,5
2020-05-24,Staten,21,13287,732,52720,2020,5
2020-05-25,Staten,38,13325,1047,53767,2020,5
2020-05-26,Staten,23,13348,720,54487,2020,5
2020-05-27,Staten,56,13404,1623,56110,2020,5
2020-05-28,Staten,51,13455,1731,57841,2020,5
2020-05-29,Staten,50,13505,1376,59217,2020,5
2020-05-30,Staten,17,13522,1214,60431,2020,5
2020-05-31,Staten,15,13537,1200,61631,2020,5
2020-06-01,Staten,25,13562,972,62603,2020,6
2020-06-02,Staten,23,13585,991,63594,2020,6
2020-06-03,Staten,36,13621,1784,65378,2020,6
2020-06-04,Staten,42,13663,1576,66954,2020,6
2020-06-05,Staten,28,13691,1886,68840,2020,6
2020-06-06,Staten,26,13717,1379,70219,2020,6
2020-06-07,Staten,10,13727,1182,71401,2020,6
2020-06-08,Staten,20,13747,896,72297,2020,6
2020-06-09,Staten,14,13761,1144,73441,2020,6
2020-06-10,Staten,19,13780,1290,74731,2020,6
2020-06-11,Staten,20,13800,1547,76278,2020,6
2020-06-12,Staten,17,13817,1596,77874,2020,6
2020-06-13,Staten,40,13857,1365,79239,2020,6
2020-06-14,Staten,21,13878,1391,80630,2020,6
2020-06-15,Staten,10,13888,2387,83017,2020,6
2020-06-16,Staten,5,13893,1328,84345,2020,6
2020-06-17,Staten,7,13900,1579,85924,2020,6
2020-06-18,Staten,17,13917,2306,88230,2020,6
2020-06-19,Staten,27,13944,1882,90112,2020,6
2020-06-20,Staten,14,13958,1749,91861,2020,6
2020-06-21,Staten,13,13971,1507,93368,2020,6
2020-06-22,Staten,12,13983,1121,94489,2020,6
2020-06-23,Staten,11,13994,1894,96383,2020,6
2020-06-24,Staten,26,14020,2032,98415,2020,6
2020-06-25,Staten,17,14037,1707,100122,2020,6
2020-06-26,Staten,15,14052,1697,101819,2020,6
2020-06-27,Staten,21,14073,1581,103400,2020,6
2020-06-28,Staten,9,14082,979,104379,2020,6
2020-06-29,Staten,11,14093,1749,106128,2020,6
2020-06-30,Staten,16,14109,1304,107432,2020,6
2020-07-01,Staten,16,14125,1787,109219,2020,7
2020-07-02,Staten,39,14164,1955,111174,2020,7
2020-07-03,Staten,26,14190,1613,112787,2020,7
2020-07-04,Staten,12,14202,1578,114365,2020,7
2020-07-05,Staten,11,14213,1362,115727,2020,7
2020-07-06,Staten,12,14225,1707,117434,2020,7
2020-07-07,Staten,18,14243,1406,118840,2020,7
2020-07-08,Staten,19,14262,1592,120432,2020,7
2020-07-09,Staten,23,14285,1874,122306,2020,7
2020-07-10,Staten,23,14308,1837,124143,2020,7
2020-07-11,Staten,21,14329,1681,125824,2020,7
2020-07-12,Staten,12,14341,1495,127319,2020,7
2020-07-13,Staten,31,14372,1891,129210,2020,7
2020-07-14,Staten,17,14389,1604,130814,2020,7
2020-07-15,Staten,28,14417,1878,132692,2020,7
2020-07-16,Staten,22,14439,2004,134696,2020,7
2020-07-17,Staten,20,14459,1566,136262,2020,7
2020-07-18,Staten,21,14480,1301,137563,2020,7
2020-07-19,Staten,23,14503,1213,138776,2020,7
2020-07-20,Staten,36,14539,2050,140826,2020,7
2020-07-21,Staten,18,14557,1252,142078,2020,7
2020-07-22,Staten,30,14587,1890,143968,2020,7
2020-07-23,Staten,26,14613,2065,146033,2020,7
2020-07-24,Staten,20,14633,1908,147941,2020,7
2020-07-25,Staten,16,14649,1116,149057,2020,7
2020-07-26,Staten,32,14681,1401,150458,2020,7
2020-07-27,Staten,17,14698,1571,152029,2020,7
2020-07-28,Staten,29,14727,1531,153560,2020,7
2020-07-29,Staten,21,14748,1720,155280,2020,7
2020-07-30,Staten,16,14764,1562,156842,2020,7
2020-07-31,Staten,17,14781,2229,159071,2020,7
2020-08-01,Staten,24,14805,1599,160670,2020,8
2020-08-02,Staten,17,14822,1421,162091,2020,8
2020-08-03,Staten,18,14840,1840,163931,2020,8
2020-08-04,Staten,14,14854,1492,165423,2020,8
2020-08-05,Staten,23,14877,1916,167339,2020,8
2020-08-06,Staten,14,14891,1679,169018,2020,8
2020-08-07,Staten,18,14909,2154,171172,2020,8
2020-08-08,Staten,12,14921,1395,172567,2020,8
2020-08-09,Staten,13,14934,1656,174223,2020,8
2020-08-10,Staten,19,14953,2137,176360,2020,8
2020-08-11,Staten,21,14974,2162,178522,2020,8
2020-08-12,Staten,24,14998,2896,181418,2020,8
2020-08-13,Staten,19,15017,2232,183650,2020,8
2020-08-14,Staten,29,15046,2189,185839,2020,8
2020-08-15,Staten,20,15066,1946,187785,2020,8
2020-08-16,Staten,7,15073,1454,189239,2020,8
2020-08-17,Staten,14,15087,1440,190679,2020,8
2020-08-18,Staten,14,15101,2347,193026,2020,8
2020-08-19,Staten,17,15118,2464,195490,2020,8
2020-08-20,Staten,11,15129,2418,197908,2020,8
2020-08-21,Staten,13,15142,2419,200327,2020,8
2020-08-22,Staten,20,15162,2047,202374,2020,8
2020-08-23,Staten,15,15177,1899,204273,2020,8
2020-08-24,Staten,12,15189,1977,206250,2020,8
2020-08-25,Staten,17,15206,2296,208546,2020,8
2020-08-26,Staten,18,15224,1950,210496,2020,8
2020-08-27,Staten,15,15239,2716,213212,2020,8
2020-08-28,Staten,13,15252,2633,215845,2020,8
2020-08-29,Staten,17,15269,2346,218191,2020,8
2020-08-30,Staten,19,15288,1528,219719,2020,8
2020-08-31,Staten,20,15308,2469,222188,2020,8
2020-09-01,Staten,24,15332,2045,224233,2020,9
2020-09-02,Staten,18,15350,2887,227120,2020,9
2020-09-03,Staten,19,15369,2641,229761,2020,9
2020-09-04,Staten,24,15393,2553,232314,2020,9
2020-09-05,Staten,27,15420,2668,234982,2020,9
2020-09-06,Staten,31,15451,1846,236828,2020,9
2020-09-07,Staten,15,15466,1483,238311,2020,9
2020-09-08,Staten,20,15486,1827,240138,2020,9
2020-09-09,Staten,24,15510,2525,242663,2020,9
2020-09-10,Staten,27,15537,1967,244630,2020,9
2020-09-11,Staten,28,15565,3042,247672,2020,9
2020-09-12,Staten,17,15582,1740,249412,2020,9
2020-09-13,Staten,22,15604,1601,251013,2020,9
2020-09-14,Staten,27,15631,2318,253331,2020,9
2020-09-15,Staten,11,15642,1532,254863,2020,9
2020-09-16,Staten,24,15666,2426,257289,2020,9
2020-09-17,Staten,23,15689,2017,259306,2020,9
2020-09-18,Staten,24,15713,2718,262024,2020,9
2020-09-19,Staten,17,15730,2408,264432,2020,9
2020-09-20,Staten,23,15753,1329,265761,2020,9
2020-09-21,Staten,33,15786,2287,268048,2020,9
2020-09-22,Staten,13,15799,1076,269124,2020,9
2020-09-23,Staten,24,15823,2677,271801,2020,9
2020-09-24,Staten,14,15837,2118,273919,2020,9
2020-09-25,Staten,30,15867,2524,276443,2020,9
2020-09-26,Staten,23,15890,2226,278669,2020,9
2020-09-27,Staten,23,15913,1743,280412,2020,9
2020-09-28,Staten,37,15950,2385,282797,2020,9
2020-09-29,Staten,39,15989,1763,284560,2020,9
2020-09-30,Staten,36,16025,2281,286841,2020,9
2020-10-01,Staten,36,16061,2341,289182,2020,10
2020-10-02,Staten,46,16107,3278,292460,2020,10
2020-10-03,Staten,30,16137,2661,295121,2020,10
2020-10-04,Staten,20,16157,1760,296881,2020,10
2020-10-05,Staten,52,16209,2812,299693,2020,10
2020-10-06,Staten,31,16240,2182,301875,2020,10
2020-10-07,Staten,54,16294,3978,305853,2020,10
2020-10-08,Staten,30,16324,2487,308340,2020,10
2020-10-09,Staten,49,16373,3396,311736,2020,10
2020-10-10,Staten,28,16401,2812,314548,2020,10
2020-10-11,Staten,33,16434,2630,317178,2020,10
2020-10-12,Staten,62,16496,3099,320277,2020,10
2020-10-13,Staten,26,16522,2079,322356,2020,10
2020-10-14,Staten,37,16559,2715,325071,2020,10
2020-10-15,Staten,46,16605,3256,328327,2020,10
2020-10-16,Staten,65,16670,4789,333116,2020,10
2020-10-17,Staten,50,16720,3621,336737,2020,10
2020-10-18,Staten,26,16746,1988,338725,2020,10
2020-10-19,Staten,36,16782,2376,341101,2020,10
2020-10-20,Staten,78,16860,3394,344495,2020,10
2020-10-21,Staten,32,16892,2803,347298,2020,10
2020-10-22,Staten,37,16929,3598,350896,2020,10
2020-10-23,Staten,75,17004,3988,354884,2020,10
2020-10-24,Staten,44,17048,2919,357803,2020,10
2020-10-25,Staten,37,17085,1832,359635,2020,10
2020-10-26,Staten,89,17174,4278,363913,2020,10
2020-10-27,Staten,78,17252,2959,366872,2020,10
2020-10-28,Staten,107,17359,4394,371266,2020,10
2020-10-29,Staten,98,17457,3388,374654,2020,10
2020-10-30,Staten,78,17535,3642,378296,2020,10
2020-10-31,Staten,109,17644,3817,382113,2020,10
2020-11-01,Staten,59,17703,2396,384509,2020,11
2020-11-02,Staten,74,17777,3050,387559,2020,11
2020-11-03,Staten,49,17826,2344,389903,2020,11
2020-11-04,Staten,115,17941,3848,393751,2020,11
2020-11-05,Staten,191,18132,5425,399176,2020,11
2020-11-06,Staten,137,18269,4565,403741,2020,11
2020-11-07,Staten,128,18397,4448,408189,2020,11
2020-11-08,Staten,126,18523,3301,411490,2020,11
2020-11-09,Staten,138,18661,3175,414665,2020,11
2020-11-10,Staten,215,18876,4472,419137,2020,11
2020-11-11,Staten,160,19036,4292,423429,2020,11
2020-11-12,Staten,229,19265,4967,428396,2020,11
2020-11-13,Staten,226,19491,5081,433477,2020,11
2020-11-14,Staten,151,19642,4355,437832,2020,11
2020-11-15,Staten,107,19749,3502,441334,2020,11
2020-11-16,Staten,273,20022,5729,447063,2020,11
2020-11-17,Staten,192,20214,4468,451531,2020,11
2020-11-18,Staten,184,20398,4427,455958,2020,11
2020-11-19,Staten,188,20586,5420,461378,2020,11
2020-11-20,Staten,204,20790,5390,466768,2020,11
2020-11-21,Staten,256,21046,5835,472603,2020,11
2020-11-22,Staten,167,21213,4009,476612,2020,11
2020-11-23,Staten,219,21432,5963,482575,2020,11
2020-11-24,Staten,265,21697,5772,488347,2020,11
2020-11-25,Staten,254,21951,7089,495436,2020,11
2020-11-26,Staten,258,22209,5833,501269,2020,11
2020-11-27,Staten,195,22404,5153,506422,2020,11
2020-11-28,Staten,331,22735,6471,512893,2020,11
2020-11-29,Staten,280,23015,4787,517680,2020,11
2020-11-30,Staten,361,23376,5232,522912,2020,11
2020-12-01,Staten,490,23866,7833,530745,2020,12
2020-12-02,Staten,339,24205,5936,536681,2020,12
2020-12-03,Staten,548,24753,8815,545496,2020,12
2020-12-04,Staten,358,25111,5839,551335,2020,12
2020-12-05,Staten,359,25470,4975,556310,2020,12
2020-12-06,Staten,271,25741,4258,560568,2020,12
2020-12-07,Staten,507,26248,6575,567143,2020,12
2020-12-08,Staten,428,26676,6645,573788,2020,12
2020-12-09,Staten,348,27024,7281,581069,2020,12
2020-12-10,Staten,424,27448,7011,588080,2020,12
2020-12-11,Staten,305,27753,6840,594920,2020,12
2020-12-12,Staten,321,28074,7110,602030,2020,12
2020-12-13,Staten,277,28351,4792,606822,2020,12
2020-12-14,Staten,459,28810,8628,615450,2020,12
2020-12-15,Staten,357,29167,5297,620747,2020,12
2020-12-16,Staten,337,29504,6782,627529,2020,12
2020-12-17,Staten,350,29854,7600,635129,2020,12
2020-12-18,Staten,338,30192,5840,640969,2020,12
2020-12-19,Staten,313,30505,6288,647257,2020,12
2020-12-20,Staten,297,30802,4607,651864,2020,12
2020-12-21,Staten,350,31152,5837,657701,2020,12
2020-12-22,Staten,456,31608,7340,665041,2020,12
2020-12-23,Staten,464,32072,8494,673535,2020,12
2020-12-24,Staten,410,32482,7163,680698,2020,12
2020-12-25,Staten,323,32805,6384,687082,2020,12
2020-12-26,Staten,219,33024,3879,690961,2020,12
2020-12-27,Staten,394,33418,4309,695270,2020,12
2020-12-28,Staten,501,33919,7145,702415,2020,12
2020-12-29,Staten,483,34402,5171,707586,2020,12
2020-12-30,Staten,596,34998,8114,715700,2020,12
2020-12-31,Staten,551,35549,8709,724409,2020,12
2021-01-01,Staten,499,36048,6812,731221,2021,1
2021-01-02,Staten,371,36419,5152,736373,2021,1
2021-01-03,Staten,430,36849,4760,741133,2021,1
2021-01-04,Staten,616,37465,7068,748201,2021,1
2021-01-05,Staten,641,38106,7146,755347,2021,1
2021-01-06,Staten,580,38686,8811,764158,2021,1
2021-01-07,Staten,498,39184,7552,771710,2021,1
2021-01-08,Staten,621,39805,10371,782081,2021,1
2021-01-09,Staten,469,40274,8040,790121,2021,1
2021-01-10,Staten,457,40731,7248,797369,2021,1
2021-01-11,Staten,564,41295,7543,804912,2021,1
2021-01-12,Staten,519,41814,7815,812727,2021,1
2021-01-13,Staten,459,42273,7455,820182,2021,1
2021-01-14,Staten,614,42887,10500,830682,2021,1
2021-01-15,Staten,481,43368,8321,839003,2021,1
2021-01-16,Staten,444,43812,7751,846754,2021,1
2021-01-17,Staten,440,44252,6666,853420,2021,1
2021-01-18,Staten,426,44678,6373,859793,2021,1
2021-01-19,Staten,491,45169,7235,867028,2021,1
2021-01-20,Staten,358,45527,6067,873095,2021,1
2021-01-21,Staten,485,46012,8559,881654,2021,1
2021-01-22,Staten,389,46401,7315,888969,2021,1
2021-01-23,Staten,440,46841,7652,896621,2021,1
2021-01-24,Staten,413,47254,6679,903300,2021,1
2021-01-25,Staten,361,47615,5985,909285,2021,1
2021-01-26,Staten,334,47949,6380,915665,2021,1
2021-01-27,Staten,347,48296,7121,922786,2021,1
2021-01-28,Staten,371,48667,8024,930810,2021,1
2021-01-29,Staten,362,49029,8172,938982,2021,1
2021-01-30,Staten,280,49309,6806,945788,2021,1
2021-01-31,Staten,255,49564,4750,950538,2021,1
2021-02-01,Staten,289,49853,5366,955904,2021,2
2021-02-02,Staten,196,50049,3592,959496,2021,2
2021-02-03,Staten,161,50210,2989,962485,2021,2
2021-02-04,Staten,184,50394,4113,966598,2021,2
2021-02-05,Staten,332,50726,7052,973650,2021,2
2021-02-06,Staten,344,51070,6688,980338,2021,2
2021-02-07,Staten,310,51380,5954,986292,2021,2
2021-02-08,Staten,242,51622,4551,990843,2021,2
2021-02-09,Staten,199,51821,4519,995362,2021,2
2021-02-10,Staten,324,52145,7810,1003172,2021,2
2021-02-11,Staten,278,52423,6458,1009630,2021,2
2021-02-12,Staten,300,52723,6818,1016448,2021,2
2021-02-13,Staten,332,53055,6232,1022680,2021,2
2021-02-14,Staten,211,53266,4930,1027610,2021,2
2021-02-15,Staten,220,53486,4704,1032314,2021,2
2021-02-16,Staten,232,53718,4985,1037299,2021,2
2021-02-17,Staten,209,53927,5896,1043195,2021,2
2021-02-18,Staten,286,54213,6560,1049755,2021,2
2021-02-19,Staten,246,54459,5642,1055397,2021,2
2021-02-20,Staten,212,54671,4012,1059409,2021,2
2021-02-21,Staten,216,54887,4299,1063708,2021,2
2021-02-22,Staten,222,55109,3841,1067549,2021,2
2021-02-23,Staten,241,55350,5876,1073425,2021,2
2021-02-24,Staten,247,55597,7132,1080557,2021,2
2021-02-25,Staten,276,55873,7423,1087980,2021,2
2021-02-26,Staten,267,56140,7537,1095517,2021,2
2021-02-27,Staten,284,56424,6408,1101925,2021,2
2021-02-28,Staten,221,56645,5125,1107050,2021,2
2021-03-01,Staten,221,56866,3696,1110746,2021,3
2021-03-02,Staten,272,57138,5657,1116403,2021,3
2021-03-03,Staten,313,57451,7166,1123569,2021,3
2021-03-04,Staten,382,57833,8833,1132402,2021,3
2021-03-05,Staten,293,58126,7334,1139736,2021,3
2021-03-06,Staten,276,58402,6295,1146031,2021,3
2021-03-07,Staten,220,58622,3675,1149706,2021,3
2021-03-08,Staten,324,58946,6372,1156078,2021,3
2021-03-09,Staten,247,59193,5048,1161126,2021,3
2021-03-10,Staten,222,59415,6230,1167356,2021,3
2021-03-11,Staten,387,59802,7938,1175294,2021,3
2021-03-12,Staten,263,60065,4835,1180129,2021,3
2021-03-13,Staten,212,60277,5202,1185331,2021,3
2021-03-14,Staten,226,60503,3643,1188974,2021,3
2021-03-15,Staten,244,60747,3692,1192666,2021,3
2021-03-16,Staten,363,61110,9652,1202318,2021,3
2021-03-17,Staten,259,61369,6651,1208969,2021,3
2021-03-18,Staten,338,61707,7881,1216850,2021,3
2021-03-19,Staten,291,61998,6657,1223507,2021,3
2021-03-20,Staten,363,62361,7457,1230964,2021,3
2021-03-21,Staten,248,62609,4725,1235689,2021,3
2021-03-22,Staten,289,62898,4662,1240351,2021,3
2021-03-23,Staten,320,63218,6379,1246730,2021,3
2021-03-24,Staten,283,63501,6367,1253097,2021,3
2021-03-25,Staten,335,63836,7595,1260692,2021,3
2021-03-26,Staten,260,64096,6379,1267071,2021,3
2021-03-27,Staten,351,64447,7069,1274140,2021,3
2021-03-28,Staten,305,64752,5056,1279196,2021,3
2021-03-29,Staten,280,65032,4734,1283930,2021,3
2021-03-30,Staten,376,65408,6332,1290262,2021,3
2021-03-31,Staten,349,65757,6341,1296603,2021,3
2021-04-01,Staten,282,66039,6762,1303365,2021,4
2021-04-02,Staten,315,66354,6396,1309761,2021,4
2021-04-03,Staten,288,66642,6597,1316358,2021,4
2021-04-04,Staten,261,66903,4916,1321274,2021,4
2021-04-05,Staten,251,67154,3876,1325150,2021,4
2021-04-06,Staten,277,67431,5886,1331036,2021,4
2021-04-07,Staten,413,67844,9222,1340258,2021,4
2021-04-08,Staten,361,68205,8468,1348726,2021,4
2021-04-09,Staten,280,68485,7603,1356329,2021,4
2021-04-10,Staten,334,68819,6981,1363310,2021,4
2021-04-11,Staten,168,68987,3443,1366753,2021,4
2021-04-12,Staten,200,69187,3778,1370531,2021,4
2021-04-13,Staten,270,69457,5904,1376435,2021,4
2021-04-14,Staten,196,69653,5468,1381903,2021,4
2021-04-15,Staten,269,69922,7879,1389782,2021,4
2021-04-16,Staten,318,70240,10759,1400541,2021,4
2021-04-17,Staten,250,70490,7083,1407624,2021,4
2021-04-18,Staten,206,70696,4749,1412373,2021,4
2021-04-19,Staten,187,70883,3561,1415934,2021,4
2021-04-20,Staten,161,71044,5209,1421143,2021,4
2021-04-21,Staten,197,71241,7130,1428273,2021,4
2021-04-22,Staten,176,71417,7027,1435300,2021,4
2021-04-23,Staten,193,71610,8108,1443408,2021,4
2021-04-24,Staten,186,71796,7120,1450528,2021,4
2021-04-25,Staten,120,71916,3943,1454471,2021,4
2021-04-26,Staten,97,72013,3155,1457626,2021,4
2021-04-27,Staten,103,72116,5201,1462827,2021,4
2021-04-28,Staten,137,72253,7598,1470425,2021,4
2021-04-29,Staten,127,72380,7087,1477512,2021,4
2021-04-30,Staten,127,72507,6434,1483946,2021,4
2021-05-01,Staten,117,72624,5931,1489877,2021,5
2021-05-02,Staten,95,72719,3728,1493605,2021,5
2021-05-03,Staten,81,72800,3280,1496885,2021,5
2021-05-04,Staten,66,72866,5304,1502189,2021,5
2021-05-05,Staten,95,72961,6355,1508544,2021,5
2021-05-06,Staten,84,73045,6510,1515054,2021,5
2021-05-07,Staten,86,73131,7151,1522205,2021,5
2021-05-08,Staten,64,73195,5772,1527977,2021,5
2021-05-09,Staten,77,73272,3420,1531397,2021,5
2021-05-10,Staten,55,73327,2601,1533998,2021,5
2021-05-11,Staten,41,73368,5316,1539314,2021,5
2021-05-12,Staten,75,73443,6267,1545581,2021,5
2021-05-13,Staten,74,73517,6843,1552424,2021,5
2021-05-14,Staten,65,73582,4933,1557357,2021,5
2021-05-15,Staten,67,73649,5220,1562577,2021,5
2021-05-16,Staten,40,73689,2939,1565516,2021,5
2021-05-17,Staten,31,73720,3152,1568668,2021,5
2021-05-18,Staten,52,73772,4384,1573052,2021,5
2021-05-19,Staten,55,73827,6238,1579290,2021,5
2021-05-20,Staten,36,73863,6842,1586132,2021,5
2021-05-21,Staten,39,73902,5702,1591834,2021,5
2021-05-22,Staten,31,73933,4656,1596490,2021,5
2021-05-23,Staten,33,73966,2518,1599008,2021,5
2021-05-24,Staten,29,73995,2523,1601531,2021,5
2021-05-25,Staten,47,74042,4786,1606317,2021,5
2021-05-26,Staten,44,74086,6552,1612869,2021,5
2021-05-27,Staten,32,74118,5210,1618079,2021,5
2021-05-28,Staten,43,74161,4394,1622473,2021,5
2021-05-29,Staten,21,74182,4218,1626691,2021,5
2021-05-30,Staten,13,74195,2094,1628785,2021,5
2021-05-31,Staten,17,74212,1872,1630657,2021,5
2021-06-01,Staten,15,74227,1864,1632521,2021,6
2021-06-02,Staten,24,74251,4171,1636692,2021,6
2021-06-03,Staten,30,74281,7923,1644615,2021,6
2021-06-04,Staten,21,74302,3429,1648044,2021,6
2021-06-05,Staten,21,74323,4899,1652943,2021,6
2021-06-06,Staten,14,74337,2236,1655179,2021,6
2021-06-07,Staten,15,74352,2644,1657823,2021,6
2021-06-08,Staten,19,74371,4195,1662018,2021,6
2021-06-09,Staten,24,74395,4663,1666681,2021,6
2021-06-10,Staten,23,74418,5123,1671804,2021,6
2021-06-11,Staten,29,74447,5047,1676851,2021,6
2021-06-12,Staten,17,74464,4453,1681304,2021,6
2021-06-13,Staten,14,74478,1938,1683242,2021,6
2021-06-14,Staten,11,74489,1981,1685223,2021,6
2021-06-15,Staten,23,74512,4145,1689368,2021,6
2021-06-16,Staten,17,74529,4581,1693949,2021,6
2021-06-17,Staten,25,74554,4777,1698726,2021,6
2021-06-18,Staten,28,74582,4247,1702973,2021,6
2021-06-19,Staten,23,74605,3368,1706341,2021,6
2021-06-20,Staten,24,74629,2006,1708347,2021,6
2021-06-21,Staten,16,74645,2376,1710723,2021,6
2021-06-22,Staten,22,74667,3296,1714019,2021,6
2021-06-23,Staten,22,74689,3666,1717685,2021,6
2021-06-24,Staten,23,74712,3225,1720910,2021,6
2021-06-25,Staten,30,74742,3587,1724497,2021,6
2021-06-26,Staten,32,74774,3252,1727749,2021,6
2021-06-27,Staten,26,74800,2089,1729838,2021,6
2021-06-28,Staten,30,74830,1893,1731731,2021,6
2021-06-29,Staten,35,74865,2508,1734239,2021,6
2021-06-30,Staten,36,74901,3496,1737735,2021,6
2021-07-01,Staten,40,74941,2305,1740040,2021,7
2021-07-02,Staten,38,74979,2909,1742949,2021,7
2021-07-03,Staten,37,75016,2610,1745559,2021,7
2021-07-04,Staten,30,75046,1872,1747431,2021,7
2021-07-05,Staten,12,75058,1146,1748577,2021,7
2021-07-06,Staten,23,75081,1291,1749868,2021,7
2021-07-07,Staten,37,75118,3597,1753465,2021,7
2021-07-08,Staten,49,75167,3104,1756569,2021,7
2021-07-09,Staten,45,75212,2948,1759517,2021,7
2021-07-10,Staten,40,75252,2623,1762140,2021,7
2021-07-11,Staten,40,75292,1977,1764117,2021,7
2021-07-12,Staten,20,75312,2007,1766124,2021,7
2021-07-13,Staten,49,75361,2772,1768896,2021,7
2021-07-14,Staten,53,75414,3146,1772042,2021,7
2021-07-15,Staten,54,75468,3032,1775074,2021,7
2021-07-16,Staten,63,75531,2975,1778049,2021,7
2021-07-17,Staten,76,75607,2926,1780975,2021,7
2021-07-18,Staten,42,75649,2277,1783252,2021,7
2021-07-19,Staten,45,75694,2615,1785867,2021,7
2021-07-20,Staten,79,75773,2822,1788689,2021,7
2021-07-21,Staten,78,75851,3125,1791814,2021,7
2021-07-22,Staten,85,75936,3362,1795176,2021,7
2021-07-23,Staten,96,76032,3488,1798664,2021,7
2021-07-24,Staten,95,76127,3792,1802456,2021,7
2021-07-25,Staten,61,76188,2360,1804816,2021,7
2021-07-26,Staten,88,76276,2528,1807344,2021,7
2021-07-27,Staten,121,76397,3481,1810825,2021,7
2021-07-28,Staten,133,76530,3803,1814628,2021,7
2021-07-29,Staten,115,76645,3905,1818533,2021,7
2021-07-30,Staten,140,76785,4060,1822593,2021,7
2021-07-31,Staten,117,76902,3709,1826302,2021,7
2021-08-01,Staten,129,77031,3527,1829829,2021,8
2021-08-02,Staten,125,77156,3027,1832856,2021,8
2021-08-03,Staten,130,77286,3753,1836609,2021,8
2021-08-04,Staten,191,77477,4720,1841329,2021,8
2021-08-05,Staten,162,77639,5112,1846441,2021,8
2021-08-06,Staten,174,77813,5352,1851793,2021,8
2021-08-07,Staten,153,77966,4282,1856075,2021,8
2021-08-08,Staten,178,78144,4474,1860549,2021,8
2021-08-09,Staten,156,78300,3432,1863981,2021,8
2021-08-10,Staten,205,78505,4958,1868939,2021,8
2021-08-11,Staten,194,78699,5741,1874680,2021,8
2021-08-12,Staten,171,78870,5352,1880032,2021,8
2021-08-13,Staten,170,79040,4778,1884810,2021,8
2021-08-14,Staten,179,79219,5018,1889828,2021,8
2021-08-15,Staten,138,79357,3751,1893579,2021,8
2021-08-16,Staten,149,79506,3844,1897423,2021,8
2021-08-17,Staten,157,79663,4990,1902413,2021,8
2021-08-18,Staten,207,79870,6615,1909028,2021,8
2021-08-19,Staten,175,80045,5663,1914691,2021,8
2021-08-20,Staten,141,80186,6049,1920740,2021,8
2021-08-21,Staten,143,80329,5031,1925771,2021,8
2021-08-22,Staten,172,80501,3967,1929738,2021,8
2021-08-23,Staten,120,80621,2902,1932640,2021,8
2021-08-24,Staten,119,80740,4632,1937272,2021,8
2021-08-25,Staten,221,80961,6217,1943489,2021,8
2021-08-26,Staten,213,81174,6065,1949554,2021,8
2021-08-27,Staten,184,81358,6122,1955676,2021,8
2021-08-28,Staten,149,81507,5057,1960733,2021,8
2021-08-29,Staten,148,81655,4046,1964779,2021,8
2021-08-30,Staten,152,81807,3307,1968086,2021,8
2021-08-31,Staten,178,81985,4562,1972648,2021,8
2021-09-01,Staten,182,82167,5677,1978325,2021,9
2021-09-02,Staten,214,82381,5742,1984067,2021,9
2021-09-03,Staten,177,82558,4706,1988773,2021,9
2021-09-04,Staten,166,82724,4818,1993591,2021,9
2021-09-05,Staten,144,82868,3659,1997250,2021,9
2021-09-06,Staten,118,82986,2761,2000011,2021,9
2021-09-07,Staten,152,83138,3211,2003222,2021,9
2021-09-08,Staten,258,83396,5882,2009104,2021,9
2021-09-09,Staten,219,83615,6447,2015551,2021,9
2021-09-10,Staten,129,83744,5883,2021434,2021,9
2021-09-11,Staten,132,83876,5560,2026994,2021,9
2021-09-12,Staten,101,83977,4105,2031099,2021,9
2021-09-13,Staten,119,84096,4034,2035133,2021,9
2021-09-14,Staten,140,84236,5459,2040592,2021,9
2021-09-15,Staten,199,84435,6203,2046795,2021,9
2021-09-16,Staten,156,84591,6513,2053308,2021,9
2021-09-17,Staten,147,84738,6008,2059316,2021,9
2021-09-18,Staten,132,84870,6042,2065358,2021,9
2021-09-19,Staten,107,84977,5289,2070647,2021,9
2021-09-20,Staten,135,85112,5351,2075998,2021,9
2021-09-21,Staten,136,85248,5844,2081842,2021,9
2021-09-22,Staten,123,85371,6396,2088238,2021,9
2021-09-23,Staten,123,85494,7588,2095826,2021,9
2021-09-24,Staten,121,85615,7556,2103382,2021,9
2021-09-25,Staten,71,85686,5792,2109174,2021,9
2021-09-26,Staten,108,85794,4903,2114077,2021,9
2021-09-27,Staten,96,85890,4389,2118466,2021,9
2021-09-28,Staten,103,85993,5736,2124202,2021,9
2021-09-29,Staten,105,86098,7150,2131352,2021,9
2021-09-30,Staten,94,86192,6671,2138023,2021,9
2021-10-01,Staten,80,86272,6479,2144502,2021,10
2021-10-02,Staten,95,86367,5064,2149566,2021,10
2021-10-03,Staten,54,86421,4689,2154255,2021,10
2021-10-04,Staten,85,86506,4308,2158563,2021,10
2021-10-05,Staten,93,86599,5676,2164239,2021,10
2021-10-06,Staten,114,86713,7187,2171426,2021,10
2021-10-07,Staten,95,86808,7569,2178995,2021,10
2021-10-08,Staten,85,86893,6618,2185613,2021,10
2021-10-09,Staten,42,86935,2920,2188533,2021,10
2021-10-10,Staten,112,87047,7533,2196066,2021,10
2021-10-11,Staten,91,87138,4220,2200286,2021,10
2021-10-12,Staten,77,87215,3667,2203953,2021,10
2021-10-13,Staten,92,87307,5642,2209595,2021,10
2021-10-14,Staten,128,87435,6872,2216467,2021,10
2021-10-15,Staten,106,87541,5533,2222000,2021,10
2021-10-16,Staten,108,87649,6479,2228479,2021,10
2021-10-17,Staten,63,87712,4316,2232795,2021,10
2021-10-18,Staten,71,87783,3657,2236452,2021,10
2021-10-19,Staten,108,87891,5838,2242290,2021,10
2021-10-20,Staten,92,87983,6419,2248709,2021,10
2021-10-21,Staten,65,88048,6258,2254967,2021,10
2021-10-22,Staten,84,88132,5674,2260641,2021,10
2021-10-23,Staten,79,88211,5369,2266010,2021,10
2021-10-24,Staten,72,88283,4544,2270554,2021,10
2021-10-25,Staten,60,88343,2916,2273470,2021,10
2021-10-26,Staten,69,88412,4214,2277684,2021,10
2021-10-27,Staten,95,88507,6447,2284131,2021,10
2021-10-28,Staten,86,88593,5878,2290009,2021,10
2021-10-29,Staten,47,88640,4799,2294808,2021,10
2021-10-30,Staten,67,88707,5146,2299954,2021,10
2021-10-31,Staten,64,88771,3681,2303635,2021,10
2021-11-01,Staten,37,88808,2556,2306191,2021,11
2021-11-02,Staten,57,88865,4089,2310280,2021,11
2021-11-03,Staten,62,88927,4460,2314740,2021,11
2021-11-04,Staten,68,88995,5078,2319818,2021,11
2021-11-05,Staten,64,89059,5366,2325184,2021,11
2021-11-06,Staten,57,89116,4315,2329499,2021,11
2021-11-07,Staten,56,89172,3243,2332742,2021,11
2021-11-08,Staten,66,89238,3381,2336123,2021,11
2021-11-09,Staten,84,89322,4538,2340661,2021,11
2021-11-10,Staten,112,89434,5435,2346096,2021,11
2021-11-11,Staten,68,89502,4919,2351015,2021,11
2021-11-12,Staten,85,89587,4053,2355068,2021,11
2021-11-13,Staten,69,89656,3892,2358960,2021,11
2021-11-14,Staten,74,89730,3456,2362416,2021,11
2021-11-15,Staten,86,89816,2879,2365295,2021,11
2021-11-16,Staten,114,89930,4792,2370087,2021,11
2021-11-17,Staten,137,90067,4893,2374980,2021,11
2021-11-18,Staten,109,90176,5104,2380084,2021,11
2021-11-19,Staten,93,90269,4648,2384732,2021,11
2021-11-20,Staten,98,90367,5211,2389943,2021,11
2021-11-21,Staten,129,90496,3539,2393482,2021,11
2021-11-22,Staten,91,90587,2865,2396347,2021,11
2021-11-23,Staten,126,90713,4628,2400975,2021,11
2021-11-24,Staten,154,90867,5498,2406473,2021,11
2021-11-25,Staten,119,90986,5043,2411516,2021,11
2021-11-26,Staten,108,91094,3377,2414893,2021,11
2021-11-27,Staten,136,91230,4054,2418947,2021,11
2021-11-28,Staten,136,91366,3338,2422285,2021,11
2021-11-29,Staten,164,91530,3247,2425532,2021,11
2021-11-30,Staten,174,91704,5196,2430728,2021,11
2021-12-01,Staten,228,91932,6583,2437311,2021,12
2021-12-02,Staten,247,92179,6383,2443694,2021,12
